   0   12.453267222351696   150.55344415309622   
   1   12.455900564611024   150.4544099285111   
   2   12.577101292703647   150.54919785198715   
   3   12.58930102310244   150.4478678137322   
   4   12.620317474752959   150.4580148773341   
   5   12.609021542031266   150.45844649046654   
   6   12.615404725000436   150.46439159689345   
   7   12.64156004245978   150.54317843963543   
   8   12.648578641503594   150.53333260382578   
   9   12.703428544044419   150.53557912101724   
   10   12.701761968519115   150.4612928444602   
   11   12.714364121044463   150.53633502620823   
   12   12.767898359286944   150.52824118353195   
   13   12.796959075156906   150.54811026347156   
   14   12.790937830090625   150.45397759719742   
   15   12.809593488696809   150.46552868921563   
   16   12.799061424979401   150.45051154020632   
   17   12.865206476294095   150.53934194770798   
   18   12.864543168069506   150.56874188634896   
   19   12.895431282425568   150.46214021423103   
   20   12.886277086550159   150.47233593056828   
   21   12.916933227466748   150.4744655013219   
   22   12.95919280055513   150.45469041785873   
   23   12.985946168873875   150.4654315306075   
   24   12.968366470584366   150.46795597293726   
   25   13.013948926190757   150.45128581123595   
   26   13.014749200100779   150.54457826336673   
   27   13.03918146745932   150.55380523122736   
   28   13.039571530979103   150.54021778467728   
   29   13.07984765313659   150.44436177746405   
   30   13.076148098341339   150.5434895699882   
   31   13.118258871947349   150.45657095604238   
   32   13.1159707000634   150.462156292076   
   33   13.156432236928222   150.5313004786854   
   34   13.180906607511812   150.54624584936607   
   35   13.172203619461003   150.55902517637483   
   36   13.200838310105361   150.55690003656247   
   37   13.222183782046491   150.46834102415704   
   38   13.23868335676559   150.46286191631222   
   39   13.258522306676552   150.52987776241082   
   40   13.307318850533436   150.4587360003105   
   41   13.303829174702033   150.53673295074145   
   42   13.348159975096264   150.53092594339418   
   43   13.30598972177188   150.53257443604937   
   44   13.371485853727117   150.4528019396893   
   45   13.368930111651514   150.43629611736185   
   46   13.392660877058066   150.54738357577043   
   47   13.406037850062019   150.55679085818565   
   48   13.42678349994291   150.45346498709014   
   49   13.451964291543893   150.45007658668305   
   50   13.551035898594456   150.4508626121297   
   51   13.566323017892554   150.46704875486466   
   52   13.560435596757179   150.44594731469223   
   53   13.575776288763732   150.43755540356125   
   54   13.604191099951107   150.4525977943134   
   55   13.610704627152636   150.53220170935123   
   56   13.629499365317931   150.53957995750736   
   57   13.67310441432304   150.533492582846   
   58   13.684557111344075   150.56321037346396   
   59   13.717980476852647   150.46145393956937   
   60   13.737313436648504   150.534230937963   
   61   13.729436174279071   150.45726670101007   
   62   13.747754482272368   150.46055874424755   
   63   13.760400066330215   150.56022342623635   
   64   13.81588302132188   150.462146291473   
   65   13.826314362393875   150.45112418757606   
   66   13.811389483807245   150.54367041804434   
   67   13.848467050823324   150.53010012384314   
   68   13.85918595491761   150.53140141462504   
   69   13.899677594787693   150.5541868416088   
   70   13.90695864770575   150.5474328446815   
   71   13.91634372282674   150.4472288983751   
   72   13.95738926577087   150.47062806081414   
   73   13.965325857289512   150.4722352028306   
   74   13.973054124607513   150.53326179557047   
   75   14.002843084829571   150.54737737455307   
   76   14.003922232164152   150.52648560504863   
   77   14.051955395055941   150.5326561702213   
   78   14.0465438799842   150.5283778944846   
   79   14.079854893092003   150.4620685150778   
   80   14.092822514550996   150.45973558004314   
   81   14.134977776597664   150.46426842299303   
   82   14.13023762320592   150.44566729674256   
   83   14.156058323582748   150.44012094355057   
   84   14.172601321214033   150.44660472616764   
   85   14.191220676110932   150.550229717521   
   86   14.18674077958213   150.5471937229059   
   87   14.238755620530599   150.46775936116896   
   88   14.210046539915544   150.5452578150845   
   89   14.269578964334572   150.45523853938855   
   90   14.278251159469532   150.54087518201652   
   91   14.280042761393558   150.44331464417186   
   92   14.310503579099192   150.4540633333952   
   93   14.346760435352364   150.45893401443476   
   94   14.350603899081193   150.54356625902878   
   95   14.382813918669733   150.45600077470777   
   96   14.388714388836233   150.43787782657836   
   97   14.425896960104362   150.5353531926492   
   98   14.440725896769967   150.44854028430433   
   99   14.446568981968232   150.5401882135442   
   100   14.460227005974051   150.54462424026187   
   101   14.575140850099677   150.56692149299826   
   102   14.578325454323652   150.53828718012784   
   103   14.57127337247389   150.5324207282383   
   104   14.617992364098932   150.4433858565258   
   105   14.623340615070353   150.54584896889634   
   106   14.638804387929417   150.4633257829182   
   107   14.66332886493873   150.45804872564972   
   108   14.680014304721798   150.54709122124137   
   109   14.694353509097862   150.5403223739907   
   110   14.731090186911329   150.45556506548752   
   111   14.714374288849601   150.53237909139997   
   112   14.739049077557883   150.54265708697395   
   113   14.790601931354397   150.5348286377384   
   114   14.824838827464424   150.54145861690395   
   115   14.795456941514576   150.46387889822518   
   116   14.82877435571258   150.53362439113783   
   117   14.847792466630748   150.54381363690942   
   118   14.860680553254209   150.56240641721027   
   119   14.872980728318437   150.54329330100322   
   120   14.9239924648587   150.45940730544555   
   121   14.914545823132167   150.5400902499707   
   122   14.934469697511641   150.53576898835308   
   123   14.96473178626   150.53220134496456   
   124   14.980296790630328   150.45080262842296   
   125   14.988055568259696   150.57073410324824   
   126   15.036890759729141   150.53868910740016   
   127   15.057268784224929   150.46196567256015   
   128   15.029628774019944   150.4533071962196   
   129   15.098615726277275   150.53417986575477   
   130   15.067321464729982   150.53582140497622   
   131   15.109032690332663   150.55363382613848   
   132   15.133041281489096   150.45965863806853   
   133   15.123240387342682   150.53819549340125   
   134   15.14898450019611   150.46393343556565   
   135   15.164835663691148   150.54294844786727   
   136   15.182222788750114   150.45785073541214   
   137   15.203666346242173   150.54730981600943   
   138   15.240602245516694   150.46005936989474   
   139   15.286030950642528   150.45870559493613   
   140   15.28338643218074   150.45556607294432   
   141   15.323210903072619   150.4502800783445   
   142   15.309586234762936   150.53522063873285   
   143   15.350113887507835   150.45939614688177   
   144   15.360703971859326   150.43958033078474   
   145   15.397730386480019   150.46180649855944   
   146   15.386104116967152   150.46059105115896   
   147   15.407565934000246   150.4581233124937   
   148   15.422573725561646   150.54337310866006   
   149   15.539835845359173   150.459428284594   
   150   15.453372765394558   150.55067278772057   
   151   15.54752689298663   150.54258762699018   
   152   15.572629409351157   150.45558608657555   
   153   15.589303798129842   150.46037309730394   
   154   15.603973828546529   150.5495531483586   
   155   15.642699130418249   150.4703162561749   
   156   15.638879490326898   150.56198677629473   
   157   15.658758972940454   150.55086041142934   
   158   15.697174691265976   150.46701576433153   
   159   15.700089126927175   150.449056725814   
   160   15.692510182221548   150.4520249148155   
   161   15.74002640262778   150.46274616805243   
   162   15.750334713564401   150.53832759534114   
   163   15.756912526998459   150.55474666336423   
   164   15.790302385813678   150.53211504791244   
   165   15.804359372818118   150.44432526115324   
   166   15.7974349605325   150.43583015277017   
   167   15.854604317572676   150.4581125716365   
   168   15.859403817415107   150.45276730338156   
   169   15.901489056514214   150.54512897541082   
   170   15.893417733509143   150.44732723982398   
   171   15.920189955835564   150.54971908477307   
   172   15.934820713726973   150.4618635097989   
   173   15.94631170146082   150.4585317619295   
   174   16.003914663070436   150.4657805544671   
   175   16.005809312381018   150.42613513866377   
   176   16.010002022202148   150.53220743982988   
   177   16.003993561685093   150.53558402213582   
   178   16.0297786246098   150.5357470191075   
   179   16.063117058337298   150.5288048913084   
   180   16.088299595928166   150.54730989271067   
   181   16.111710337700774   150.53304742362528   
   182   16.134946033738526   150.4576413165167   
   183   16.14588931704823   150.55115818015824   
   184   16.161885573531787   150.45180064109798   
   185   16.1457764085792   150.55325301417713   
   186   16.21075638164755   150.45056410171605   
   187   16.212144075232978   150.4530997807041   
   188   16.24391517133179   150.53353548831814   
   189   16.28919150870212   150.4666498229589   
   190   16.300507132446825   150.47125700590175   
   191   16.26937993594256   150.5407896362702   
   192   16.278139685501248   150.43444665079687   
   193   16.375416232347813   150.54107452036706   
   194   16.356211304873757   150.43840802721684   
   195   16.380954359456663   150.46357951942224   
   196   16.407662335891043   150.53837563789426   
   197   16.409698245618   150.5463563651767   
   198   16.448805319242847   150.55994637299992   
   199   16.43861378203071   150.44469331397306   
   200   16.456079775609364   150.5393811534432   
   201   16.558212337685024   150.44965845646053   
   202   16.575673775062242   150.4552892731104   
   203   16.576584542474873   150.55083643435586   
   204   16.609898389949546   150.53993578438858   
   205   16.617864913170052   150.44487317284865   
   206   16.6529128533982   150.4623208483693   
   207   16.667756736153713   150.53933938539717   
   208   16.659381047801062   150.53945322338242   
   209   16.7004958194197   150.46507672909965   
   210   16.72667138995133   150.46917233409394   
   211   16.730217782749527   150.5490878505003   
   212   16.753980306827998   150.46224570710257   
   213   16.78016890847186   150.5347482866313   
   214   16.778368049892364   150.43936114925472   
   215   16.80155472212159   150.53143461735894   
   216   16.832108872262946   150.4612420544396   
   217   16.830196923293375   150.4563762622562   
   218   16.85380591525206   150.5304938407569   
   219   16.886050263826387   150.5429844472211   
   220   16.918576117953556   150.5403106177466   
   221   16.918405162894263   150.55061657475036   
   222   16.930753937340512   150.53960522008114   
   223   16.972499302462683   150.4450879480089   
   224   16.97302780319205   150.473927267686   
   225   17.000839904127677   150.5298141686014   
   226   17.016472002815597   150.53209844794694   
   227   17.021330046745085   150.53142666196234   
   228   17.042456841599616   150.52951785916102   
   229   17.059109911318963   150.46072264739257   
   230   17.069700602335047   150.4697424400383   
   231   17.110676868579485   150.52848229015885   
   232   17.151797344342818   150.43530748916075   
   233   17.153105487246762   150.461376116769   
   234   17.156572153963104   150.54365668847277   
   235   17.187837359489478   150.4608685260822   
   236   17.17922731106022   150.53440771501562   
   237   17.227946406969906   150.53857814933343   
   238   17.245619261802233   150.4616075247736   
   239   17.269188773069857   150.5466299469281   
   240   17.29857091840176   150.53808732716973   
   241   17.30307238760577   150.44051980508723   
   242   17.311734705382083   150.4467201512904   
   243   17.345427287285606   150.55971182029919   
   244   17.371604164785676   150.56181353778223   
   245   17.373271756780134   150.4600793760635   
   246   17.40007672638372   150.45490364550392   
   247   17.419214248062087   150.45383053663156   
   248   17.412283516617297   150.46034647363942   
   249   17.45030676936305   150.45637841903607   
   250   17.550538672780824   150.45921469493976   
   251   17.541874115556702   150.45280118711358   
   252   17.594007046232488   150.45633871948928   
   253   17.591631404783175   150.54627971298459   
   254   17.587810058964173   150.438932898008   
   255   17.633565322271703   150.53212473504396   
   256   17.63171731525028   150.46315571797757   
   257   17.644035167648944   150.4530670948416   
   258   17.69930421052829   150.53570872144212   
   259   17.71549826457311   150.5484469668203   
   260   17.717689521640935   150.45153301146183   
   261   17.710750870057108   150.53874270621722   
   262   17.77239462816837   150.46412954198885   
   263   17.745640315010576   150.54845317399952   
   264   17.794002867400337   150.5348965318444   
   265   17.813589249605197   150.45363571879827   
   266   17.832789974291682   150.45481556654084   
   267   17.870165784236402   150.4624687177175   
   268   17.87805185810296   150.45888610717043   
   269   17.888593535899386   150.45513598830973   
   270   17.9107930733204   150.4385625776361   
   271   17.933889811147118   150.53463534803214   
   272   17.916321086381522   150.4556510537465   
   273   17.971612409880986   150.45517336237145   
   274   17.98993731789279   150.5440659016914   
   275   17.994194174424297   150.45776815025442   
   276   18.011760345783486   150.54064588203914   
   277   18.025278816087603   150.54858203101793   
   278   18.036007281363435   150.54410636810644   
   279   18.06639654727658   150.46485541636378   
   280   18.08765492275125   150.46678108416847   
   281   18.10553127115064   150.54576399530563   
   282   18.130614401070073   150.53339243172587   
   283   18.138619254659183   150.45478550307604   
   284   18.19197917660014   150.55026286944792   
   285   18.195626671535837   150.4548793040524   
   286   18.200747331413794   150.4639959008132   
   287   18.235209898399965   150.52991999559973   
   288   18.237210428706426   150.44159306679916   
   289   18.268608310217225   150.53278366079726   
   290   18.29841872855581   150.53225651918643   
   291   18.28973565482064   150.54048234532857   
   292   18.341146128244038   150.53840753324815   
   293   18.37631754367427   150.45876739765433   
   294   18.34021479679508   150.45425901987932   
   295   18.401842532460826   150.454841063529   
   296   18.36236493261477   150.45296945406145   
   297   18.406161486878236   150.44576223303187   
   298   18.4445327312609   150.5556268292972   
   299   18.5285790673747   150.553710242275   
   300   18.439463613303886   150.54021000251197   
   301   18.57451348099433   150.46137176965894   
   302   18.582270679889756   150.5508930789425   
   303   18.590269360973164   150.53113592251188   
   304   18.607521250422838   150.45825227194806   
   305   18.634093294711644   150.5470095375413   
   306   18.647621839788698   150.53236955120965   
   307   18.652081694094885   150.45132791398163   
   308   18.672693303176487   150.54142612318273   
   309   18.69869566223689   150.55002210830457   
   310   18.74481980083915   150.53645968124653   
   311   18.74879579725031   150.53895652496615   
   312   18.7623184187283   150.4567960642419   
   313   18.78187137064692   150.46359511815245   
   314   18.76992992079345   150.5599035187433   
   315   18.81782615240254   150.46289477206835   
   316   18.84793170051219   150.54611876361318   
   317   18.86834580114859   150.45471686847748   
   318   18.860855443963803   150.53329367580324   
   319   18.883747623144885   150.46194294515746   
   320   18.923709079894792   150.54776223020804   
   321   18.93140291510383   150.52934982689845   
   322   18.96133335924047   150.5597370933076   
   323   18.94525133277586   150.55476619073207   
   324   18.958230643986827   150.5404438255163   
   325   19.013091981191135   150.5480864937814   
   326   19.007717424374153   150.5404989934554   
   327   19.064503797932943   150.5571162273779   
   328   19.046165567182204   150.45404905398487   
   329   19.090223005551817   150.52814944322083   
   330   19.085678248561276   150.5319853399696   
   331   19.0991831440299   150.53253386811187   
   332   19.14072110210858   150.4606451097908   
   333   19.149013627609083   150.5342379006901   
   334   19.171574683751146   150.54344680522476   
   335   19.19415047297808   150.46440331448463   
   336   19.2000509926094   150.45379653090714   
   337   19.228828196259208   150.53445210387324   
   338   19.260008831332836   150.46792497058587   
   339   19.24723650307038   150.46644970247203   
   340   19.284352151368253   150.53737839885008   
   341   19.33271278216076   150.43798472469197   
   342   19.321302202889118   150.45881906904296   
   343   19.348557347796877   150.5366962902032   
   344   19.37368424247568   150.53192315564834   
   345   19.386592253414204   150.55717299858782   
   346   19.37638861047752   150.458902847235   
   347   19.40815093702107   150.53622987964553   
   348   19.428431688229654   150.46355058606406   
   349   19.441979902972324   150.5471957104395   
   350   19.459346424533123   150.5456683724367   
   351   19.56558746779354   150.53980574280644   
   352   19.54116501215053   150.4496290226103   
   353   19.605083993273922   150.43950977261142   
   354   19.617751356733088   150.45507751160605   
   355   19.652642322747067   150.53690692832959   
   356   19.595289196373677   150.45585783192536   
   357   19.66532104608544   150.55036146491307   
   358   19.677205783664387   150.4573724629757   
   359   19.671639962307143   150.4587576534238   
   360   19.69480683854735   150.4499783018615   
   361   19.744942842355073   150.46363141179143   
   362   19.779524916602043   150.44285791600691   
   363   19.772350777533113   150.4626903946203   
   364   19.772640186272362   150.47206741638874   
   365   19.82824183668086   150.4605843467949   
   366   19.83603858299181   150.4623251490383   
   367   19.855960954027825   150.5367609614773   
   368   19.855336755156802   150.45310422543875   
   369   19.87539341018531   150.45017879335387   
   370   19.8989012723149   150.53918696272243   
   371   19.951969651365065   150.44624463626525   
   372   19.943662911252115   150.4527352791347   
   373   19.956709811382474   150.4683619766601   
   374   19.96001736633528   150.45956433906767   
