   0   12.543839875666286   35.55479927125236   
   1   12.545946161482656   35.555286152089316   
   2   12.56513250124451   35.53623821564706   
   3   12.583596829804298   35.44049157951916   
   4   12.58675983786265   35.45367590364034   
   5   12.608437306033911   35.46285833709618   
   6   12.656651136318446   35.4559596324799   
   7   12.660825310607791   35.46099689006019   
   8   12.66363324585846   35.53622275243243   
   9   12.71247303573011   35.539874107513945   
   10   12.71516999070414   35.558541195287205   
   11   12.723631607499433   35.46379461957772   
   12   12.756373354547977   35.46128101246416   
   13   12.781292008530386   35.448798061515895   
   14   12.805987135724545   35.53874657033284   
   15   12.820045540543191   35.455662072655734   
   16   12.835313053754243   35.53690004431053   
   17   12.85626809870194   35.532040460550746   
   18   12.877581195723138   35.54585850361622   
   19   12.870543314350703   35.46447342923221   
   20   12.931677108577485   35.46199005151953   
   21   12.941271188015698   35.451776218417876   
   22   12.941154285655022   35.555997210439116   
   23   12.966573862176618   35.45194507458756   
   24   12.982898724945613   35.46573297554699   
   25   12.97988635589018   35.455074727855745   
   26   13.02422821084864   35.46788006675692   
   27   13.017397742371653   35.46152929512802   
   28   13.025951560733153   35.547646955933665   
   29   13.06680562766563   35.53671327934343   
   30   13.088606592371141   35.44482202226299   
   31   13.116478288287244   35.459373943909675   
   32   13.13938405870771   35.55957146768645   
   33   13.145038100900726   35.54474009715301   
   34   13.16109265903909   35.53150405905601   
   35   13.211551383273239   35.53962847489897   
   36   13.210701327809502   35.54706008761027   
   37   13.239961423058608   35.535050559310726   
   38   13.267349435733832   35.45309737439045   
   39   13.283704715011817   35.45962663375764   
   40   13.292975103445864   35.45759223623056   
   41   13.283257220069032   35.463306860158696   
   42   13.306866738420693   35.53630881671228   
   43   13.35226722438762   35.53643400609098   
   44   13.378997691884814   35.53620853329477   
   45   13.3962862126408   35.548463828600624   
   46   13.401816169486999   35.457255932328636   
   47   13.39634508615243   35.544698442618134   
   48   13.431496929437047   35.45618045312774   
   49   13.4323639743648   35.45726263086221   
   50   13.53948919655938   35.54946380491449   
   51   13.551283427291038   35.541156381282384   
   52   13.577739808362269   35.553456946974016   
   53   13.579936544252638   35.570218062318624   
   54   13.58633459733367   35.46148744015126   
   55   13.609582661640674   35.459486675103356   
   56   13.658233515867767   35.460659316427304   
   57   13.665967772987651   35.53379247084217   
   58   13.684253816777758   35.54260810204224   
   59   13.706612715694327   35.45285631243654   
   60   13.74711692783642   35.547843135950245   
   61   13.757626145586995   35.532181801610804   
   62   13.731188637603987   35.45405908015254   
   63   13.770761094332805   35.46266654654526   
   64   13.781719744354968   35.52919235329796   
   65   13.845729141648016   35.4456004217183   
   66   13.837925550455493   35.58253632525295   
   67   13.85147873479388   35.54295733142236   
   68   13.88681044094923   35.45588819438787   
   69   13.8988988067017   35.53020796944775   
   70   13.90267075083559   35.46320417166295   
   71   13.921422182401445   35.532737825082364   
   72   13.94616233491902   35.520992830717105   
   73   13.981434530378317   35.43500827646706   
   74   13.9677649261469   35.54099384191513   
   75   13.98723218057139   35.4556871087215   
   76   14.028057359431708   35.52937561385125   
   77   14.009395336433053   35.531497018157395   
   78   14.054815336560527   35.46058645926797   
   79   14.091628080852601   35.545388247087665   
   80   14.125533715747174   35.53540628302865   
   81   14.090627897821983   35.46048074816957   
   82   14.144093141967158   35.54791299034465   
   83   14.162673764793379   35.444905864790506   
   84   14.17937164839391   35.46059886691605   
   85   14.20454601305917   35.46651244249104   
   86   14.213059493389734   35.54518728441406   
   87   14.244992639282591   35.45635070337305   
   88   14.246915002382398   35.45389649898713   
   89   14.260318844860103   35.53647136638418   
   90   14.286909908631968   35.55849671406999   
   91   14.297094833804866   35.542538957333555   
   92   14.297618856379867   35.469505459089014   
   93   14.330806935281148   35.4607358347982   
   94   14.356737085241292   35.46764183116185   
   95   14.380495851998122   35.52960672335961   
   96   14.37828948003529   35.44823284588897   
   97   14.42435032895976   35.44072319008722   
   98   14.433079240031239   35.46160174156251   
   99   14.442115644848302   35.45850308013268   
   100   14.545618027947643   35.53044010624695   
   101   14.546341737284875   35.45136125957511   
   102   14.563932362630208   35.54778984647939   
   103   14.571989852829667   35.5459572654319   
   104   14.617957259704344   35.46451996837339   
   105   14.644334935475737   35.537380884470295   
   106   14.644338056280793   35.454038146016046   
   107   14.680803211113567   35.466084339016476   
   108   14.66542595352751   35.442084436659044   
   109   14.712754961452115   35.470696852664666   
   110   14.709677512853503   35.53511391162753   
   111   14.740019794769015   35.46630438573566   
   112   14.729609131712163   35.54379552249873   
   113   14.757043184215604   35.46847111939303   
   114   14.793981190508436   35.46114694893398   
   115   14.799176197375234   35.45623329581607   
   116   14.80377392618004   35.535730515725945   
   117   14.84601994318453   35.528768653488136   
   118   14.8893585194234   35.56417854124796   
   119   14.884438902892647   35.46615284211051   
   120   14.91241073086647   35.5441179834041   
   121   14.941849895176052   35.54657481666889   
   122   14.95139390739407   35.468273108105095   
   123   14.971704662834219   35.477236838362174   
   124   14.963210367244905   35.54269509151739   
   125   14.98140046488582   35.5370371474844   
   126   15.013724179840363   35.46193683264227   
   127   15.021895143134904   35.435117436585806   
   128   15.071378791372718   35.53157294304499   
   129   15.069504436585959   35.45236752276787   
   130   15.087978633954991   35.555813190971726   
   131   15.10369241206943   35.43950270141422   
   132   15.149148214291428   35.53436002649191   
   133   15.153006465686662   35.44397296588513   
   134   15.175853462979802   35.550809507564736   
   135   15.172032217447065   35.45867560001932   
   136   15.210361184858952   35.452117932160036   
   137   15.251726391608791   35.46239505885455   
   138   15.26657940199337   35.54778144416626   
   139   15.250620159324347   35.47219053229398   
   140   15.266276848561493   35.44827876825394   
   141   15.336338435815366   35.55061531050833   
   142   15.319220851842864   35.5289273742686   
   143   15.330721475247563   35.534218869630216   
   144   15.355397940260632   35.54185892994645   
   145   15.418990370668896   35.453934741819175   
   146   15.387880884786119   35.45968354718702   
   147   15.415131057971724   35.536032037628964   
   148   15.44959314804133   35.446910922254546   
   149   15.444587125773715   35.53478945288035   
   150   15.553163585498652   35.54370158719735   
   151   15.465322187076655   35.546126502330914   
   152   15.566475182247062   35.539943360652394   
   153   15.586090057315836   35.54189529944609   
   154   15.616244037194875   35.53878997719389   
   155   15.631683214866827   35.546574001170285   
   156   15.638264379706019   35.4628381488006   
   157   15.649680494263343   35.53633774791678   
   158   15.687334523217265   35.53917042957876   
   159   15.707376463268167   35.54569464490147   
   160   15.693000113968752   35.450880202722594   
   161   15.720061325274747   35.560642968482384   
   162   15.749550661545145   35.44846235117122   
   163   15.802339125371006   35.528337863397866   
   164   15.812315195512669   35.46716961862778   
   165   15.829095261507529   35.537393406739795   
   166   15.816759719291897   35.46715075726199   
   167   15.842048426333927   35.53362093208487   
   168   15.877090366607757   35.46008613560621   
   169   15.877854941150517   35.46170287786148   
   170   15.938878521739591   35.45037393065006   
   171   15.925031432538828   35.443239740411954   
   172   15.940748908755339   35.466697976904214   
   173   15.935679711596853   35.54137862110215   
   174   15.96946768558166   35.54062120449436   
   175   16.028579594587974   35.46167308789195   
   176   16.034205351689838   35.46395401368518   
   177   16.035167501637535   35.531366034528034   
   178   16.039368897388147   35.53922840198129   
   179   16.081836723160936   35.46614110794832   
   180   16.087204610904948   35.5323171065495   
   181   16.113957337191202   35.528153618185584   
   182   16.112746198727443   35.565916856741445   
   183   16.17843872034985   35.45630852769728   
   184   16.156652099158034   35.5438349373357   
   185   16.19566062473109   35.47084945326407   
   186   16.196252336516896   35.54692909457283   
   187   16.217377241832708   35.530810746226976   
   188   16.24760482649842   35.545234537708936   
   189   16.27298221864374   35.45339720235312   
   190   16.290954369699303   35.53548027480686   
   191   16.30096244039038   35.44936934086076   
   192   16.33310243106666   35.539104758369355   
   193   16.336447379172355   35.556059723434245   
   194   16.380192841273182   35.45187193940734   
   195   16.38852575889062   35.45090719080319   
   196   16.402123125561413   35.46073795241271   
   197   16.43363563192283   35.552245101063754   
   198   16.42925945147041   35.44978295646667   
   199   16.40948204669937   35.539841466242564   
   200   16.45630535925803   35.46210080079957   
   201   16.563540761436897   35.53349864553554   
   202   16.5659161967157   35.55232941284961   
   203   16.596998135081012   35.46245032913045   
   204   16.590699916836563   35.448014650230746   
   205   16.62560467735472   35.47109751176214   
   206   16.612208826782087   35.45074956953922   
   207   16.631566043592397   35.547446953066114   
   208   16.67777825788729   35.469343698812786   
   209   16.72446555508669   35.4620674483169   
   210   16.70705592652031   35.46459975521   
   211   16.74331179575782   35.456045720521935   
   212   16.756289321598782   35.46271484356039   
   213   16.74854883449332   35.45489183515531   
   214   16.778100870708585   35.53400382967429   
   215   16.81387744507228   35.446949094534304   
   216   16.808362403624077   35.47289561411602   
   217   16.85076553271846   35.46382772791851   
   218   16.872066945953367   35.53247448173576   
   219   16.90283130631158   35.460105510733456   
   220   16.886041865487982   35.540268645127405   
   221   16.927943652134125   35.4543321359858   
   222   16.94964408390983   35.4658667399987   
   223   16.977062670014792   35.54138696722492   
   224   16.978063722286773   35.53885584319023   
   225   16.984412635611736   35.533012970409914   
   226   17.00605397368787   35.44696886845854   
   227   17.052647361510672   35.56117938359168   
   228   17.064402044626444   35.555989248277214   
   229   17.084111784012983   35.533392743255604   
   230   17.101755581702847   35.46643410651226   
   231   17.112205462163498   35.46363552741975   
   232   17.127489775474718   35.545095173907505   
   233   17.14376222431475   35.56057670948067   
   234   17.171387408402033   35.45396205588237   
   235   17.18713956028122   35.456145204433184   
   236   17.19924570597594   35.561162452339076   
   237   17.23413121125619   35.56552367324223   
   238   17.250834425517183   35.53498014382315   
   239   17.271468836591666   35.55143323395102   
   240   17.290166903948048   35.448503733295645   
   241   17.315589835453327   35.4657364302691   
   242   17.325165621519382   35.455204302557746   
   243   17.36120179527801   35.53077818650546   
   244   17.341114997816394   35.526842914954955   
   245   17.384808250342946   35.446252119087546   
   246   17.405777049214183   35.45692117560956   
   247   17.41065452957353   35.55028416666232   
   248   17.40648023878809   35.54332531716408   
   249   17.537478792967256   35.55333359539123   
   250   17.55013050078391   35.565347473737305   
   251   17.567725943231327   35.45503237510038   
   252   17.559043508230282   35.45192693573009   
   253   17.611077482043406   35.44508242235714   
   254   17.571001330499808   35.54158539290075   
   255   17.62165533955226   35.46200968939063   
   256   17.641109330426705   35.53956064451764   
   257   17.653980392870913   35.46683370674701   
   258   17.645372870983728   35.45888879055256   
   259   17.714539200196775   35.54242653280961   
   260   17.700174771774726   35.536334709933634   
   261   17.728145669062013   35.459795228851995   
   262   17.764722402284278   35.464358692519966   
   263   17.779770557313164   35.45429007463938   
   264   17.795849339069566   35.45679863630517   
   265   17.83319234747406   35.541080616577716   
   266   17.851128130489307   35.45135180970006   
   267   17.832946664578834   35.46815960065518   
   268   17.85429578828052   35.452433606956824   
   269   17.88156695199864   35.56136459935398   
   270   17.895779689945723   35.55537094795823   
   271   17.935029754475565   35.454745162211836   
   272   17.93445742422073   35.53472596731392   
   273   17.951090666478812   35.45276228222953   
   274   17.96439471893096   35.541886461741   
   275   17.983849829756338   35.538806655570966   
   276   17.996952878268722   35.45390740761361   
   277   18.045457951459813   35.52695196806801   
   278   18.0344556821808   35.46539549947029   
   279   18.055034113333136   35.45826842000821   
   280   18.087488704954055   35.45485125672391   
   281   18.123789127878325   35.46955079935989   
   282   18.141333341443495   35.442104770420215   
   283   18.17478419397898   35.548052419759266   
   284   18.133065830723144   35.527815421542584   
   285   18.201554551460333   35.52657900486624   
   286   18.215297567346457   35.54186668946905   
   287   18.22830431721831   35.53497454670066   
   288   18.227895628539972   35.46046649648597   
   289   18.253994017171447   35.460093104502896   
   290   18.296691840146284   35.55510263148704   
   291   18.338192039263728   35.54666541777453   
   292   18.30963209052459   35.45559932400566   
   293   18.338015255211864   35.54909461164695   
   294   18.361593933781727   35.44651222414304   
   295   18.379849198381077   35.537578878730386   
   296   18.39656682697437   35.5550562355385   
   297   18.413722008614496   35.449088057725454   
   298   18.441786843522916   35.43683311101138   
   299   18.429473115443145   35.453579833095674   
   300   18.547993201820976   35.46418264529756   
   301   18.55782992916399   35.54069345872046   
   302   18.586462792992872   35.45704921325103   
   303   18.58929980822802   35.456914533416374   
   304   18.604669960445506   35.54529596910365   
   305   18.61916672928828   35.5373728050337   
   306   18.649977800342462   35.46057667265017   
   307   18.65723168532781   35.553553025456786   
   308   18.691635034974983   35.535200972324105   
   309   18.696449095816654   35.45698527968868   
   310   18.725915691663108   35.45050268939938   
   311   18.731636292757898   35.44583524806027   
   312   18.758166217314812   35.53228563474393   
   313   18.802449097305477   35.4531392654803   
   314   18.802306036936347   35.54451287882316   
   315   18.827441494858515   35.55169967543339   
   316   18.828675464123215   35.55838914280464   
   317   18.835325131268014   35.53741523967604   
   318   18.86684175530067   35.44562989879603   
   319   18.897836789416985   35.435481756343826   
   320   18.911701253251035   35.477630171974546   
   321   18.919938623988884   35.536529311279   
   322   18.95365467126234   35.45715382890002   
   323   18.95380823237748   35.454886271153185   
   324   18.975316922549247   35.44214230931194   
   325   18.98554261314813   35.45694054956727   
   326   19.02270097205873   35.45805725090025   
   327   19.02296715661932   35.54061794107795   
   328   19.119890899499843   35.537886184511464   
   329   19.068853981743054   35.44727494971381   
   330   19.083767386489882   35.468980371940106   
   331   19.098741099549787   35.547134063295296   
   332   19.136898166713124   35.4611723455817   
   333   19.163156147024715   35.45764044606554   
   334   19.17815313500811   35.53394256153456   
   335   19.211986095099782   35.53377558820716   
   336   19.223761258500236   35.52497686216816   
   337   19.215404356324257   35.52994701006657   
   338   19.23862335709601   35.554838659382554   
   339   19.25173300934988   35.44449949560398   
   340   19.27168511048841   35.54816537254484   
   341   19.333745715437527   35.56047801415223   
   342   19.31459151150373   35.535931655696785   
   343   19.34857001743947   35.4671144847602   
   344   19.374481613659828   35.53439790836111   
   345   19.371088568985   35.46202871335538   
   346   19.385688483338484   35.5411232086072   
   347   19.421404430325353   35.45913669054889   
   348   19.41688483106092   35.542274817676756   
   349   19.441929161202804   35.53861340633075   
   350   19.450556013475563   35.552871197252415   
   351   19.548906814417702   35.46322062163191   
   352   19.55882559774247   35.5482169439927   
   353   19.59873110015197   35.550493899116645   
   354   19.599527699432752   35.465950652223384   
   355   19.616437204058958   35.54483926048218   
   356   19.634874951097597   35.46177386253905   
   357   19.6425182511817   35.447266222577866   
   358   19.65794619184779   35.543424597314086   
   359   19.68036093939629   35.537026332327116   
   360   19.72768517487591   35.543644938462606   
   361   19.732978243417143   35.46433660658868   
   362   19.76450524293987   35.527691920504836   
   363   19.782583110094226   35.47022666011069   
   364   19.806707385195896   35.45320672523983   
   365   19.813942749781113   35.542198258392055   
   366   19.826968223037458   35.46095531697807   
   367   19.848284362496784   35.53180005724094   
   368   19.866336807222456   35.45151107380664   
   369   19.88728191120024   35.54824862341733   
   370   19.8916702472471   35.55116332446457   
   371   19.955374673776227   35.459875538959274   
   372   19.909526680823408   35.45198641533336   
   373   19.969966981387547   35.45838994098539   
   374   20.010279538977233   35.5316670698734   
