   0   12.567079620228155   81.45743339519203   
   1   12.542976283616564   81.53530266665096   
   2   12.560814730801992   81.45515251128546   
   3   12.587817914442656   81.44606584644511   
   4   12.600196482176019   81.53403679281087   
   5   12.618732438361072   81.54008509385412   
   6   12.626992806905678   81.54404387381952   
   7   12.65200763101201   81.53922702661517   
   8   12.678342879252103   81.53713687530605   
   9   12.691274953681983   81.56087572970854   
   10   12.685727968109706   81.45389320049486   
   11   12.73545174933132   81.54753418177198   
   12   12.762945744444695   81.53077640159152   
   13   12.7762708164628   81.5377238080034   
   14   12.768701097297296   81.4674608367839   
   15   12.814189460303504   81.54944882958827   
   16   12.802902790477477   81.53160669074109   
   17   12.842295885202674   81.45437122130078   
   18   12.874984372023208   81.53473926239978   
   19   12.88718476955596   81.46565109136216   
   20   12.925028709435495   81.52917890572867   
   21   12.92950563862022   81.4492993756284   
   22   12.953618833996163   81.53100129271695   
   23   12.965468813450393   81.44344357839121   
   24   12.98723521223182   81.53487578375787   
   25   13.020586285242105   81.54341176519081   
   26   13.000946916299723   81.44441629470255   
   27   13.043972081918353   81.54129427836206   
   28   13.051469362899361   81.5348530927668   
   29   13.058718014840723   81.46198442643335   
   30   13.090157084948734   81.44678998990972   
   31   13.116046396030123   81.52533297464981   
   32   13.15922575511092   81.43466792331667   
   33   13.122264356811563   81.54620324969345   
   34   13.170772049519414   81.44507382802605   
   35   13.163441730022836   81.5385952781385   
   36   13.221967756359293   81.55797539516621   
   37   13.21293648862741   81.44860599417582   
   38   13.260085370775021   81.57059777480995   
   39   13.258838540217914   81.4420120137251   
   40   13.273934093143458   81.55615440288494   
   41   13.307450818219099   81.46864314217267   
   42   13.349782415063531   81.45624679987633   
   43   13.30999025471027   81.46854089246833   
   44   13.37803680074588   81.5445063161943   
   45   13.390614861853908   81.45977591363605   
   46   13.378055400632185   81.55930084827564   
   47   13.406817019899208   81.53590746665061   
   48   13.433071359340369   81.55475734963437   
   49   13.55210503434416   81.43747744660169   
   50   13.44855803130642   81.54091926312371   
   51   13.542704421808688   81.44295040620811   
   52   13.57585667519277   81.54197851043408   
   53   13.585397643796906   81.53164217814246   
   54   13.619713350049743   81.53499432396535   
   55   13.633906345507626   81.55791493930361   
   56   13.650040600308454   81.54683799339736   
   57   13.661785195731209   81.54045996429547   
   58   13.672232203023464   81.46790217061171   
   59   13.688430814424757   81.5262595041903   
   60   13.714619454979319   81.45374077485339   
   61   13.731481309792205   81.53660496971854   
   62   13.73641419234476   81.56317010439005   
   63   13.764532198798856   81.53637557417535   
   64   13.80452492544964   81.45529372734528   
   65   13.821566709830703   81.53284873172365   
   66   13.850425333862844   81.54250694332235   
   67   13.868468859817055   81.46805217211798   
   68   13.88425031442801   81.44486806012125   
   69   13.891072685557365   81.4630546924973   
   70   13.903945473581336   81.54417485331315   
   71   13.92712822682278   81.54416477238638   
   72   13.941064914432152   81.53936206173194   
   73   13.952295076037885   81.47178297265371   
   74   13.994592188003825   81.53659281931783   
   75   13.990195487840547   81.54585263079984   
   76   14.006879374403624   81.45014225936457   
   77   14.026207844944276   81.4600207568458   
   78   14.066710898151964   81.55128078261856   
   79   14.073678342095885   81.46545690657612   
   80   14.066660692964547   81.4633136113844   
   81   14.12304873005163   81.54184434935297   
   82   14.140048256583452   81.547226130573   
   83   14.123481615603929   81.46100525775717   
   84   14.150864927923564   81.53320527383373   
   85   14.200306969901707   81.44377278703008   
   86   14.207409900973989   81.56384928432131   
   87   14.225014907631023   81.54701632103146   
   88   14.229577660767406   81.4570106471882   
   89   14.273665750196695   81.44526205204852   
   90   14.27137898700995   81.53025759731037   
   91   14.291727318852976   81.54124141816241   
   92   14.339963311137307   81.54040393797764   
   93   14.355511613362435   81.5340482223707   
   94   14.372431265618367   81.5415392347201   
   95   14.357173493606133   81.54443621242261   
   96   14.391963075354953   81.45251946258166   
   97   14.41568312868424   81.45124160101913   
   98   14.414634698066608   81.46216957400381   
   99   14.529402377207095   81.55234921863602   
   100   14.551740497082811   81.5571212668776   
   101   14.436009008340267   81.46513989991364   
   102   14.581224360380501   81.5397137057204   
   103   14.57978651888031   81.53696516313262   
   104   14.583301428170488   81.54309407829767   
   105   14.60769363578008   81.53961738674502   
   106   14.650926264239478   81.54713340732326   
   107   14.680575811140955   81.53493951475102   
   108   14.70644443302994   81.4704307398655   
   109   14.702142314659636   81.44853499520153   
   110   14.723313999300311   81.53840313192238   
   111   14.727818354336039   81.4554081694812   
   112   14.74611230005677   81.45325560902866   
   113   14.778026510464503   81.42651425947267   
   114   14.781789258101458   81.53013336065253   
   115   14.796050047727478   81.54925094639336   
   116   14.844654499512517   81.46739531426302   
   117   14.84829730375549   81.54090575564837   
   118   14.856435641660521   81.44071975487654   
   119   14.876098212310799   81.46149215633233   
   120   14.890567945291659   81.54242887447177   
   121   14.94967253938366   81.45424396425754   
   122   14.958747016624047   81.5282329473517   
   123   14.967705816715934   81.53369481599167   
   124   15.000198987074139   81.54297021747605   
   125   14.980200808509874   81.54558826271618   
   126   15.009869691827129   81.54274840812384   
   127   15.033422351316855   81.54348611186356   
   128   15.045027353301034   81.53750161909262   
   129   15.083568051770829   81.45790079514343   
   130   15.077872257890643   81.47300940636877   
   131   15.107739230514706   81.55213137738653   
   132   15.137953396558698   81.45734575443706   
   133   15.15455474675469   81.54870211248182   
   134   15.169657284762087   81.47343526418852   
   135   15.180314563747455   81.53289623072183   
   136   15.207927995441196   81.45152028894097   
   137   15.239775294425202   81.53870117966233   
   138   15.222462316547093   81.53782789827977   
   139   15.29734325762551   81.45059011239312   
   140   15.274930916114377   81.54916178940233   
   141   15.295699713732995   81.44753364258786   
   142   15.325117877140856   81.46293415134133   
   143   15.354540238858064   81.55148520984105   
   144   15.343492842510368   81.45797983778047   
   145   15.386563695150324   81.56714598082053   
   146   15.411653696229815   81.44511477635004   
   147   15.417258502891542   81.55393518002326   
   148   15.410309577972683   81.53803506696467   
   149   15.435514367759318   81.53206133644876   
   150   15.458605195560123   81.43228417679896   
   151   15.577036388456696   81.5477263333868   
   152   15.58096097088764   81.45045826424058   
   153   15.570760583810532   81.45920446247266   
   154   15.576419058026076   81.54011461970805   
   155   15.59807426198377   81.54469130221742   
   156   15.631903307453616   81.54875308453408   
   157   15.691027343996629   81.43891400020605   
   158   15.655355989039242   81.54863805249211   
   159   15.670578533605589   81.45652766180919   
   160   15.717017132463631   81.53855249714248   
   161   15.745346710334   81.5363098378545   
   162   15.761268361673133   81.54204240038939   
   163   15.788894627574983   81.53684395988898   
   164   15.792004035617389   81.46665999319363   
   165   15.840875501535848   81.56246482369019   
   166   15.817685902054501   81.44410741321558   
   167   15.829817948184541   81.54927649765948   
   168   15.883589404884287   81.54199612942654   
   169   15.89587996600416   81.45312779696579   
   170   15.896029294521323   81.54785748026694   
   171   15.933281309595642   81.46237522847336   
   172   15.95290761714968   81.54228487603255   
   173   15.976465454326153   81.45339995916949   
   174   15.979686057707278   81.5348562841045   
   175   16.008393572060722   81.43866097455954   
   176   16.021574861878605   81.4344362881321   
   177   16.03498168252123   81.54112331932363   
   178   16.046936178489354   81.53337269280985   
   179   16.05920239248147   81.53474337572816   
   180   16.09326117755484   81.53348203290386   
   181   16.105534235506706   81.53340463281387   
   182   16.13432499478374   81.45337714452049   
   183   16.132478779021447   81.46291974288633   
   184   16.165317065402977   81.5263183211227   
   185   16.152043846239938   81.4577018012703   
   186   16.167453601221013   81.53267113083105   
   187   16.232828882388937   81.53070536264389   
   188   16.26423620111679   81.54060326498987   
   189   16.2416716106071   81.46247130519083   
   190   16.287808958995765   81.46543106211924   
   191   16.306088567917424   81.45527410629725   
   192   16.31208253252776   81.4622620416794   
   193   16.325645678349904   81.44092557148085   
   194   16.340578788943482   81.53809266533413   
   195   16.387661412888903   81.55285169812556   
   196   16.415274971711906   81.54288265000687   
   197   16.404130019006875   81.46075865169358   
   198   16.43195294576508   81.46386613010945   
   199   16.53502044985658   81.5416045704451   
   200   16.539662768907235   81.53926667275678   
   201   16.58045183191773   81.45102250111357   
   202   16.560677812154477   81.54262523384615   
   203   16.576508070802603   81.45474035160291   
   204   16.59379551363886   81.45287322559633   
   205   16.623226604853702   81.54813606506343   
   206   16.64537731717988   81.53599224308671   
   207   16.631247056733137   81.54867566424966   
   208   16.69334969051354   81.457184395662   
   209   16.69945557813505   81.5551557556536   
   210   16.706112273302843   81.54341695139703   
   211   16.714711195587405   81.46269919851653   
   212   16.712590951353878   81.45099398982232   
   213   16.758800171785516   81.46877252097863   
   214   16.78352983977726   81.54241298881867   
   215   16.81716681221229   81.46058835791726   
   216   16.828733816999975   81.54571219365737   
   217   16.82505159032148   81.439731373052   
   218   16.864835163052547   81.56845154502832   
   219   16.896423323217636   81.54259036249354   
   220   16.86641971978832   81.53516965951573   
   221   16.907624535566292   81.5284183765327   
   222   16.93757450115527   81.46221820737068   
   223   16.960499408462404   81.44232281714802   
   224   16.97756046042895   81.46224155305704   
   225   16.99210823548408   81.47039550420068   
   226   17.029233350350857   81.54012165603301   
   227   17.03993855519279   81.54177638208613   
   228   17.022471674761118   81.4602786246374   
   229   17.056798553098783   81.53666542954196   
   230   17.09624786405715   81.53888172998288   
   231   17.105941560891846   81.44990501502534   
   232   17.090394819547793   81.43230553296365   
   233   17.17131569443518   81.53598370971594   
   234   17.14083548384842   81.45368481823036   
   235   17.20193185594296   81.45935918826736   
   236   17.1956171301463   81.53761167061653   
   237   17.227619104623564   81.54106456127712   
   238   17.254558041830485   81.54068996264475   
   239   17.27511604497323   81.53253386948148   
   240   17.297589262212217   81.45460293838691   
   241   17.304882597341688   81.45802468359925   
   242   17.303438998498812   81.4574318413917   
   243   17.350012494357077   81.45137708710617   
   244   17.33707850441945   81.44151820440288   
   245   17.375646671902476   81.56329519212252   
   246   17.383166794724072   81.45490522485844   
   247   17.41325176622225   81.53685214003494   
   248   17.407108206026656   81.45795625982612   
   249   17.424507769135065   81.5437803609097   
   250   17.544105207176447   81.45178719044388   
   251   17.551558459563857   81.4631610351545   
   252   17.543654411199444   81.54426239896452   
   253   17.5978819080544   81.53895541876629   
   254   17.606768257550954   81.44870665646458   
   255   17.626072813238974   81.46614315962934   
   256   17.661280043156648   81.5376531107586   
   257   17.639002224070044   81.55989375206607   
   258   17.655277108946763   81.53500513605587   
   259   17.66259568874958   81.45625572517679   
   260   17.715090948333415   81.45708962012107   
   261   17.73010433626474   81.55388092937652   
   262   17.769837086488632   81.4540393306806   
   263   17.732786010747684   81.5255707381485   
   264   17.784928961616497   81.46998121669846   
   265   17.81249267264324   81.5392252143284   
   266   17.862651159109415   81.45572353449526   
   267   17.849495533188783   81.54006303557131   
   268   17.90047697284489   81.45705452297679   
   269   17.89180722567497   81.53568172568907   
   270   17.90348738474392   81.46888253145242   
   271   17.957927291285493   81.46613741032041   
   272   17.964940310021387   81.54664618651601   
   273   17.95739194868231   81.53607874791061   
   274   17.96928391739094   81.46690084667937   
   275   17.98620104119939   81.53387571351966   
   276   18.000149040537995   81.4634428413711   
   277   18.018262655446847   81.55250963750183   
   278   18.085354287851594   81.4620565921711   
   279   18.063468423970633   81.45739573405238   
   280   18.118564036097634   81.53591617669774   
   281   18.129973016331107   81.54123596693591   
   282   18.138523946242554   81.45387332824038   
   283   18.103173310456175   81.46751461767029   
   284   18.172189384987636   81.44166846454382   
   285   18.185285674239424   81.55347420039743   
   286   18.20501491838587   81.46885404979271   
   287   18.25457955003241   81.5457736658033   
   288   18.266741290893954   81.44428721821822   
   289   18.25625333978637   81.45675908005913   
   290   18.27850295354294   81.54575639247689   
   291   18.293625877483812   81.53716399563272   
   292   18.32639887655894   81.53792117083957   
   293   18.334318489591155   81.45594417998107   
   294   18.356095022381673   81.56227187151832   
   295   18.406379521571367   81.44190030191761   
   296   18.424036776641767   81.55650019680813   
   297   18.410856904061895   81.55387102510834   
   298   18.434884596892125   81.56461005583962   
   299   18.438412094404974   81.4583725438838   
   300   18.448107754887822   81.4406783227666   
   301   18.55998826603607   81.53878406788148   
   302   18.575885047316383   81.45852423461731   
   303   18.567458923915357   81.461055304863   
   304   18.598883202238493   81.46615387623584   
   305   18.618500439809264   81.44926985818802   
   306   18.64522404664048   81.52878925268254   
   307   18.662427142242233   81.554220906175   
   308   18.67754981253441   81.53116021492428   
   309   18.707078881195397   81.54709099345294   
   310   18.720800315047068   81.46240385115195   
   311   18.719326408012023   81.45891730308071   
   312   18.766614060817858   81.54327417447176   
   313   18.77716148626372   81.54798510424362   
   314   18.80675648096603   81.46299727230075   
   315   18.809798659844102   81.47082867781748   
   316   18.851058581077652   81.54700249777572   
   317   18.861594203425792   81.5273551684704   
   318   18.850595902001295   81.53691907239353   
   319   18.897133647150167   81.5358390288957   
   320   18.90858666204176   81.54777925878142   
   321   18.920920011757776   81.44107898273153   
   322   18.924236229348466   81.54997992387466   
   323   18.9584350854001   81.5637881728906   
   324   19.008595184396526   81.4600787084985   
   325   18.970460275353826   81.53802367853446   
   326   19.022471610445063   81.46458734893218   
   327   19.042883177897426   81.44405312837023   
   328   19.057186305562915   81.46359436066267   
   329   19.070976061044   81.55026319726862   
   330   19.07723969015546   81.46275140805334   
   331   19.101705840769675   81.46902749416174   
   332   19.12713090000797   81.45028520233423   
   333   19.13343077102484   81.54514463719367   
   334   19.207255677722106   81.43909661183854   
   335   19.167632792537447   81.44424446436062   
   336   19.17305879949022   81.53835385401973   
   337   19.219921087429665   81.46294200905734   
   338   19.242733675381874   81.4537516019162   
   339   19.26564072192838   81.46183356366856   
   340   19.275297434422736   81.46147477408073   
   341   19.297993929353982   81.53552959398259   
   342   19.29024409569534   81.45031810794691   
   343   19.362297595447945   81.44808860107464   
   344   19.36328568798712   81.54086464827589   
   345   19.378108759461753   81.46156556931419   
   346   19.391291641941443   81.46498279968222   
   347   19.417582256832922   81.45296722525715   
   348   19.428870086312177   81.54475991892764   
   349   19.536745339395196   81.55021973397028   
   350   19.549042212318305   81.44901125865692   
   351   19.461973159046586   81.5519998171174   
   352   19.57557499888187   81.53541146748832   
   353   19.55577928675749   81.45109007042012   
   354   19.586454788298067   81.42464004822   
   355   19.629688307241643   81.54297050649454   
   356   19.64440718618619   81.54054678085025   
   357   19.687609137502875   81.45645932796933   
   358   19.684045756098396   81.44969038649066   
   359   19.717723188010996   81.53448303456204   
   360   19.704746673900207   81.53915169349492   
   361   19.749281457277032   81.55619182369527   
   362   19.75300214275426   81.55227704232314   
   363   19.792827302292526   81.55237753822816   
   364   19.778093122459335   81.5326594866757   
   365   19.80399519190165   81.54916672635667   
   366   19.829090560814773   81.56313638037703   
   367   19.842142790001482   81.46483196402392   
   368   19.90970187098143   81.53737349336163   
   369   19.89176211049047   81.55163833219056   
   370   19.899714430118042   81.45095242038958   
   371   19.91512809882213   81.53128294756348   
   372   19.942626506547075   81.44894341287444   
   373   19.94165982473632   81.47026183791105   
   374   19.99999728342264   81.46739330418784   
