   0   12.554732590331946   12.461846501342928   
   1   12.553600169965167   12.439335711193426   
   2   12.58607931880366   12.540217287852673   
   3   12.583641250938838   12.538754440615534   
   4   12.621737615391309   12.529867778321004   
   5   12.612886504605548   12.457755680533849   
   6   12.63918142677193   12.443264853946308   
   7   12.639923152621076   12.541979526781077   
   8   12.649264466121922   12.459024602092155   
   9   12.674697759213943   12.472560202517693   
   10   12.706906666516215   12.561503813199167   
   11   12.701342204682188   12.536719084081161   
   12   12.745478221194979   12.461468962547068   
   13   12.7604217601343   12.444184133500826   
   14   12.792302651588942   12.5417210077326   
   15   12.825867371273379   12.545810411614543   
   16   12.820580545685354   12.542205418289406   
   17   12.842642738067934   12.560430744947622   
   18   12.878187841272924   12.54339580231786   
   19   12.898333336098517   12.461375545091089   
   20   12.905174575252369   12.452962209895622   
   21   12.913700185917957   12.534329653449793   
   22   12.946199079677694   12.46217319489789   
   23   12.958653949777151   12.465430129041971   
   24   12.977443938367141   12.450692348328852   
   25   12.990976742356613   12.545028604098993   
   26   12.988233892216961   12.460854850123887   
   27   13.046571866002804   12.527550928211244   
   28   13.04919032392649   12.444344745815895   
   29   13.068640311871892   12.56131652046629   
   30   13.066333946044246   12.464709872109193   
   31   13.107024542506569   12.542610176911625   
   32   13.116158115163326   12.5362426915791   
   33   13.122168408601844   12.45540609274639   
   34   13.176408004970384   12.558654190759052   
   35   13.214284191948533   12.551380092626053   
   36   13.222234860898736   12.456416994310073   
   37   13.215880623087166   12.448901941353002   
   38   13.229296111379353   12.459101888886417   
   39   13.291550271643858   12.552348667321347   
   40   13.305826645616005   12.43333940796214   
   41   13.291070520618572   12.445917975224775   
   42   13.341120500201844   12.530548338238708   
   43   13.345951150987664   12.548041340579921   
   44   13.35976386082386   12.534150224506813   
   45   13.360950480725172   12.45278995995265   
   46   13.38267886201134   12.450635246501133   
   47   13.410378149514194   12.458079058027753   
   48   13.418577851904628   12.542964775613292   
   49   13.44032271226679   12.455687908962384   
   50   13.54186663880536   12.541564679656933   
   51   13.569131616781247   12.44628920851903   
   52   13.5744272103325   12.45362935919309   
   53   13.589682342594477   12.549708795805733   
   54   13.590715432398401   12.55172866720807   
   55   13.636707039785435   12.462501080966932   
   56   13.645581750620257   12.551718343262715   
   57   13.683572713758474   12.559848523751823   
   58   13.69075890637547   12.463335332944812   
   59   13.700582124017147   12.449119229189373   
   60   13.699886141643933   12.468637255147156   
   61   13.757323229917018   12.534830302349201   
   62   13.742307085712408   12.468773169210676   
   63   13.798149807231349   12.574043938455784   
   64   13.802564262474862   12.546474529845764   
   65   13.804893706546597   12.535321707362858   
   66   13.822017399547542   12.532223992632794   
   67   13.859165641242273   12.46867557234474   
   68   13.851850849122672   12.544126091094055   
   69   13.885254301318794   12.459573854117675   
   70   13.901487261756795   12.542325033742067   
   71   13.928836876070779   12.463490686511802   
   72   13.954828322300125   12.538919098653933   
   73   13.966896604508793   12.450410245085152   
   74   13.966592245289178   12.446999776992428   
   75   13.989305284115845   12.541782824937242   
   76   14.016901636484299   12.550985954759613   
   77   14.037165843724038   12.539564872642291   
   78   14.069936576815556   12.53447518273874   
   79   14.060515468879768   12.46089669114344   
   80   14.092831490843096   12.549156200210764   
   81   14.098506272971779   12.539187576478827   
   82   14.12641488206411   12.462085256295198   
   83   14.140432963798562   12.541047742072541   
   84   14.143398164667481   12.475111316423444   
   85   14.17366761631312   12.546732901365528   
   86   14.219358410466855   12.53499715731206   
   87   14.229906781949548   12.441933895004684   
   88   14.24301724606018   12.54445631169926   
   89   14.272807613512951   12.451202423508741   
   90   14.278013034669108   12.458028956427722   
   91   14.31910921190797   12.540383056810226   
   92   14.301893416950437   12.46425899392125   
   93   14.333426767159194   12.458598808203547   
   94   14.346426571997236   12.562604670207472   
   95   14.381687465215455   12.458999467438861   
   96   14.39321431220155   12.463479760849372   
   97   14.440871694169704   12.436460909600024   
   98   14.425698961951039   12.546464642107079   
   99   14.446382497142936   12.439102901353655   
   100   14.553924126215096   12.44876244425969   
   101   14.54148772465092   12.577741754102448   
   102   14.564622953516707   12.5481136956028   
   103   14.61722152118155   12.45362110056948   
   104   14.61212450685356   12.564181175060664   
   105   14.619223345932426   12.538148046163707   
   106   14.634601636086236   12.453874782450438   
   107   14.640818502243583   12.555709299531363   
   108   14.681676229103083   12.453942057035563   
   109   14.672658963487699   12.546682373745908   
   110   14.736086746800437   12.536520166077636   
   111   14.748988352098468   12.545984495160047   
   112   14.76948879713733   12.46543141027276   
   113   14.760135340396713   12.47141485067266   
   114   14.814711580125252   12.54949507705703   
   115   14.812197453342273   12.541901552421194   
   116   14.850500411347783   12.450390271541924   
   117   14.86466792302173   12.551811878831082   
   118   14.881718452424735   12.448924951015199   
   119   14.90960019211455   12.548313883101004   
   120   14.910019851143753   12.461644226633272   
   121   14.91206211092147   12.53177927622189   
   122   14.920944614808096   12.539280843520366   
   123   14.964293580050326   12.469352716035022   
   124   14.990819785089792   12.54729625871249   
   125   14.972716652653979   12.466826631399398   
   126   15.001382693002384   12.450029805108048   
   127   15.012960407515095   12.544384789121056   
   128   15.063111351821858   12.545256070680985   
   129   15.061813527416572   12.53489712212833   
   130   15.096721291363087   12.465648107058216   
   131   15.115060722085087   12.553062767158595   
   132   15.115925489104074   12.476847526609683   
   133   15.133983151311183   12.447232361502856   
   134   15.168365976908957   12.46133705183453   
   135   15.171673403655602   12.54968761030882   
   136   15.224201558223154   12.547146587539842   
   137   15.221521174812011   12.539886925935804   
   138   15.251874635363393   12.4614650328185   
   139   15.288087915434641   12.544211763530255   
   140   15.293223749257733   12.465316182807028   
   141   15.331492882130084   12.43982169751307   
   142   15.327454945225972   12.53844942659434   
   143   15.33321711849409   12.545705627833327   
   144   15.38427507311257   12.544131451784958   
   145   15.36708315522606   12.548521403945564   
   146   15.389933325026796   12.455705216964502   
   147   15.398015475017207   12.557169414726857   
   148   15.422557981706333   12.536179568674003   
   149   15.446945003392814   12.556913078119706   
   150   15.550600031976035   12.546091062140137   
   151   15.447876991133333   12.544663187748275   
   152   15.572435245099333   12.542100806300374   
   153   15.57675874653739   12.439677074349788   
   154   15.59941860345486   12.565074772490407   
   155   15.620420777166919   12.456907632842329   
   156   15.607248094174519   12.455869031766664   
   157   15.656301074671653   12.437412206546114   
   158   15.684508365112649   12.547743965994275   
   159   15.717478006773263   12.455861083256652   
   160   15.740477270547517   12.464553086240738   
   161   15.740709669956766   12.532556069051413   
   162   15.753646333207044   12.538950153864851   
   163   15.75116789241939   12.462023091704042   
   164   15.80300842450165   12.54938241658174   
   165   15.842730391802027   12.547936910607667   
   166   15.825827348378038   12.538401161703051   
   167   15.831196735081585   12.542846148479061   
   168   15.85938489184618   12.449746041099708   
   169   15.882702975208986   12.450683627077053   
   170   15.896404966163797   12.546266283173011   
   171   15.925300570055693   12.531691697809691   
   172   15.969436287828955   12.543368001477875   
   173   15.964085976877936   12.465945521338767   
   174   15.973168489750549   12.552986304016887   
   175   16.003711818680152   12.532922024739884   
   176   16.021212796679976   12.460006089586221   
   177   16.042459374074536   12.530316056748829   
   178   16.0553281060622   12.529594733531736   
   179   16.047759521934722   12.573365098957577   
   180   16.090460497524834   12.538473255934358   
   181   16.107730012406215   12.447408051031635   
   182   16.12237209311591   12.458555105832527   
   183   16.15649557890576   12.526697843208895   
   184   16.14040607488292   12.452618440312666   
   185   16.19885541301083   12.544723367390777   
   186   16.20819226877074   12.460204207721585   
   187   16.18929313248235   12.436267847662792   
   188   16.211419632183492   12.453755230177228   
   189   16.251564992423383   12.465979899167309   
   190   16.273189242350593   12.554241164186351   
   191   16.315963237555714   12.461335524690075   
   192   16.324748970883658   12.454817954217306   
   193   16.3530960390795   12.536203117611253   
   194   16.356390127867066   12.469898260361767   
   195   16.370239824268012   12.551635301122593   
   196   16.392659916221128   12.457950635752626   
   197   16.40774805446465   12.553340018479311   
   198   16.420320901841308   12.534910917926865   
   199   16.432944473016196   12.562724243781771   
   200   16.453946475577883   12.441624651717984   
   201   16.564229534037402   12.450917846755377   
   202   16.567941648327484   12.536453518910562   
   203   16.607713253076025   12.540980712327615   
   204   16.600757414275563   12.453549544783264   
   205   16.622418680093226   12.450308131165443   
   206   16.630221664713726   12.446394829755254   
   207   16.68485791573322   12.451666045784702   
   208   16.69847622597491   12.537670467262778   
   209   16.713530542588597   12.461364558116637   
   210   16.704811494127483   12.4484093298   
   211   16.720167322724315   12.527864084590252   
   212   16.74019380148053   12.462019025508642   
   213   16.786931700780226   12.546826998662327   
   214   16.78432257647594   12.553594928209977   
   215   16.811320770119895   12.540758511704773   
   216   16.828120000182704   12.55029815984173   
   217   16.8722590339918   12.459346246917146   
   218   16.84638060741233   12.448331844973811   
   219   16.868423279225222   12.446565781969744   
   220   16.90815360769761   12.463330579562864   
   221   16.902395187374207   12.532204311373189   
   222   16.96588240778618   12.468564635272685   
   223   16.97354669653825   12.553292611489322   
   224   16.98083818624784   12.472717822890647   
   225   17.008785134273253   12.44700055813897   
   226   17.003490338204905   12.55644941244687   
   227   17.02417803631713   12.465193769688753   
   228   17.03992022476983   12.443058091592341   
   229   17.0970084234636   12.534379561258408   
   230   17.089422582434906   12.460037387786558   
   231   17.106829390215847   12.557252301195094   
   232   17.110931884056203   12.538031729714529   
   233   17.14599029494616   12.551554509474299   
   234   17.165163105641568   12.54005546739001   
   235   17.226313510651448   12.54408812582558   
   236   17.20590320928727   12.460387270792946   
   237   17.212217998520504   12.441368393131732   
   238   17.23910741638195   12.532536166110207   
   239   17.264314800385723   12.557084485177352   
   240   17.289298601345443   12.529021873830496   
   241   17.296475922568497   12.429402845014991   
   242   17.307380593264323   12.52804351723699   
   243   17.340020760677817   12.46595718531395   
   244   17.337548809530947   12.529063590031042   
   245   17.356463578937433   12.445600344854125   
   246   17.388064696646087   12.538349953305826   
   247   17.40341458074385   12.457728687179777   
   248   17.418614883944493   12.443755391193646   
   249   17.4403207460964   12.54967039561827   
   250   17.556802805217668   12.445611186480175   
   251   17.5769627535446   12.535531516310154   
   252   17.57493136642774   12.448034819795204   
   253   17.602091124663193   12.544779333847076   
   254   17.615861630464703   12.539375398365737   
   255   17.618407222814298   12.53308006825713   
   256   17.652835520111193   12.458704815021813   
   257   17.636561302471755   12.546076425685108   
   258   17.672042223576618   12.458457072879783   
   259   17.68967989995255   12.53650746683445   
   260   17.704167921854555   12.548893465307518   
   261   17.731155811350007   12.469207823559369   
   262   17.744437040023364   12.536187723443598   
   263   17.797510760108867   12.466141588033908   
   264   17.778013724845614   12.54356645573393   
   265   17.825414689190662   12.457140904913231   
   266   17.811564822076488   12.457611470186803   
   267   17.86174728768664   12.453045047925338   
   268   17.864543617892807   12.455322122056986   
   269   17.89241382919974   12.53900208087829   
   270   17.899942631936778   12.54636527034473   
   271   17.940706019120434   12.461890870975196   
   272   17.946861528016658   12.544322669099074   
   273   17.992249081771483   12.546104185724628   
   274   17.97986859667299   12.458102516480551   
   275   18.011551064673526   12.466087774546926   
   276   18.031151480753074   12.42690089836705   
   277   18.032145885725654   12.460410600228363   
   278   18.037803776896823   12.531788331295784   
   279   18.07144669966769   12.543440267131647   
   280   18.08668813058826   12.540202656813223   
   281   18.109315261475626   12.530838273307168   
   282   18.133145468938064   12.5371244806636   
   283   18.135995230529634   12.445940615673027   
   284   18.152350883833428   12.470746583109772   
   285   18.19716702251984   12.551687729719708   
   286   18.202895401502417   12.454017724087645   
   287   18.208514339849742   12.54513122669821   
   288   18.227569947417635   12.455438993511404   
   289   18.250790963922846   12.46644066258284   
   290   18.266929944687895   12.525725333640526   
   291   18.290842794742023   12.468040396234212   
   292   18.321121249431183   12.534768694475261   
   293   18.33218558784472   12.464825876484362   
   294   18.368182948231745   12.449600445388146   
   295   18.35378288205761   12.45568460666555   
   296   18.402115491129415   12.445733769769474   
   297   18.40712948256639   12.545164423848904   
   298   18.41156149164993   12.443780735883886   
   299   18.4441197225148   12.460255994573041   
   300   18.534564924299303   12.454839934585241   
   301   18.545735927389806   12.555507161422582   
   302   18.556547343465972   12.549017544111804   
   303   18.59164144312363   12.55150421711222   
   304   18.611697518642224   12.471576685229227   
   305   18.60709714949421   12.532947278346144   
   306   18.650958217435257   12.551260572668298   
   307   18.667821700397415   12.459516539268783   
   308   18.68418562973078   12.454684075507615   
   309   18.71647896403359   12.46009308120509   
   310   18.709585512987594   12.5427002995953   
   311   18.735326205210903   12.449131320995747   
   312   18.760784766754394   12.537077097583389   
   313   18.792413566380734   12.550932602226407   
   314   18.7800291088227   12.46383847635383   
   315   18.805812906901437   12.532024641563616   
   316   18.84735671141847   12.456310728076536   
   317   18.848014193227126   12.555928679771355   
   318   18.893482909783884   12.544535816815925   
   319   18.878407170827973   12.45124347327879   
   320   18.912639262783493   12.460838550343   
   321   18.917951925501256   12.451299578072152   
   322   18.953429731964736   12.538388500002048   
   323   18.94416035570574   12.538192221720472   
   324   18.960955518024424   12.466795805232735   
   325   19.00967452816504   12.444001597132422   
   326   19.00471043437154   12.42915334199209   
   327   19.030781330075335   12.53330537996102   
   328   19.060793969521715   12.537445738768609   
   329   19.096129739954357   12.532613213555237   
   330   19.096702688027662   12.455852448783775   
   331   19.09208574771399   12.446001039203495   
   332   19.12424123877385   12.527618656732637   
   333   19.15374994806549   12.463249626404231   
   334   19.170159883245958   12.449420091757698   
   335   19.19092517775905   12.536878634193496   
   336   19.216093175528307   12.530860237502862   
   337   19.226704806694098   12.470474225070685   
   338   19.246024283622273   12.44942302682332   
   339   19.287348850183786   12.537415495019243   
   340   19.276404746661456   12.528095464306665   
   341   19.32431533876607   12.442503595494927   
   342   19.298954925602864   12.534594208686519   
   343   19.32467018860325   12.537059414642998   
   344   19.33850579977342   12.428233475066646   
   345   19.388395272027047   12.450924645580095   
   346   19.39051662270608   12.542216121077606   
   347   19.410908028826647   12.468416299584339   
   348   19.449542642850876   12.45386810672669   
   349   19.451194103464992   12.44826622267128   
   350   19.460096002742894   12.550217323706942   
   351   19.576179025140316   12.461058783396403   
   352   19.574471288659662   12.457702191167115   
   353   19.56551921643627   12.453394605016422   
   354   19.592812283364598   12.465775979151367   
   355   19.627191875286268   12.546249776997643   
   356   19.65666703445651   12.529499315614578   
   357   19.67473060916192   12.540476530034576   
   358   19.687677735148476   12.532073444398304   
   359   19.696479549420026   12.456521226084227   
   360   19.743967704810604   12.548467287726456   
   361   19.719492707247596   12.55832168718477   
   362   19.7579174813445   12.451248703709368   
   363   19.778863733928638   12.541625024551136   
   364   19.77635654519335   12.462316077775624   
   365   19.792558464629682   12.532834827214263   
   366   19.8259140154468   12.548727550794798   
   367   19.858564747958166   12.532464513772304   
   368   19.880957590855175   12.53202038651756   
   369   19.84950506939231   12.457059783726612   
   370   19.89378487784611   12.458746019886966   
   371   19.941502753116513   12.54981743295594   
   372   19.94137878778126   12.552444595977283   
   373   19.96139657355009   12.560374357412398   
   374   19.98093740924465   12.46643744024669   
