   0   12.465561509631696   196.44782531356466   
   1   12.55917975572698   196.46074030587647   
   2   12.554981984018553   196.5430525215187   
   3   12.562350946256801   196.4530725265407   
   4   12.598765776779695   196.54141432015365   
   5   12.604796538910414   196.46276414240774   
   6   12.619046400907406   196.45654901039754   
   7   12.663537738155846   196.5573869142796   
   8   12.693120458393174   196.4586119687244   
   9   12.70226003816402   196.45191588540325   
   10   12.711366964341382   196.55532409655308   
   11   12.722462929103648   196.45863156895226   
   12   12.758892611316451   196.46683954033654   
   13   12.784919883879617   196.53641589225015   
   14   12.791043196604177   196.45962971208658   
   15   12.81848839188233   196.5490447364618   
   16   12.827797802220884   196.43945438918783   
   17   12.83914040084135   196.44397751024118   
   18   12.858660640865626   196.46266134511396   
   19   12.893537467213923   196.55112624687354   
   20   12.93615861432737   196.5441688655531   
   21   12.924062414353939   196.47158307743086   
   22   12.969558547190724   196.47262096035544   
   23   12.966858505530269   196.53086653635754   
   24   12.977061727455231   196.5319274958617   
   25   12.993123115391212   196.53614307448015   
   26   12.999846401332363   196.54144882473167   
   27   13.027629529871934   196.5296387908834   
   28   13.041554403598342   196.45714129725525   
   29   13.077315118947567   196.55278196486867   
   30   13.090876137739661   196.55638274637008   
   31   13.120397179188455   196.44975890092996   
   32   13.108514517885377   196.53597899835364   
   33   13.134889215892592   196.45743195628103   
   34   13.166580234091636   196.54803119454849   
   35   13.193926760215517   196.46154517804413   
   36   13.208188235882497   196.54632545820678   
   37   13.202935475893849   196.54053324440542   
   38   13.235305504012096   196.5510792877686   
   39   13.242974475993513   196.44239834510876   
   40   13.289416408797663   196.46400345983375   
   41   13.300798806216212   196.4641988398698   
   42   13.32126203714743   196.46417257249772   
   43   13.315612113342615   196.44667541326356   
   44   13.38593884944722   196.55672429295896   
   45   13.372920558393092   196.45784652464255   
   46   13.381999798034524   196.54331449498076   
   47   13.403603886639214   196.4632949515327   
   48   13.527497823461328   196.55311985360157   
   49   13.450943710253593   196.5510831171143   
   50   13.45848702942817   196.53656775296375   
   51   13.547068969315566   196.54934292818137   
   52   13.589008751603865   196.45520944432576   
   53   13.593241030484537   196.42325344576253   
   54   13.59206682961202   196.4382773603926   
   55   13.628830442271457   196.46395542972138   
   56   13.616114648628859   196.55133705348788   
   57   13.668517396010909   196.4442042560272   
   58   13.68546232525198   196.44610878296857   
   59   13.691908474576955   196.4552008769734   
   60   13.71668050374582   196.45147758247222   
   61   13.721690443462375   196.4321641668402   
   62   13.728032918207688   196.5460858795385   
   63   13.747009009892006   196.53535712968167   
   64   13.77481805007026   196.46355601772584   
   65   13.822736330260826   196.46334379208264   
   66   13.851352775045664   196.5385270445446   
   67   13.843644753459426   196.53502908714913   
   68   13.87509372212413   196.44942155905306   
   69   13.889135664465117   196.45810175716517   
   70   13.908167841068897   196.46992304251114   
   71   13.909244348343174   196.54422496554307   
   72   13.945079400115898   196.52783480669694   
   73   13.973740828771664   196.5364008372248   
   74   13.975678510819709   196.4345999905578   
   75   13.990944567029961   196.45297989476634   
   76   14.039098175514049   196.4385209424224   
   77   14.016163820578896   196.46560630255632   
   78   14.055270492842553   196.5390909993836   
   79   14.095520931654598   196.5358403149709   
   80   14.087716199940353   196.4630645461222   
   81   14.089768853472691   196.5357236284818   
   82   14.124181172228013   196.54633129719696   
   83   14.198439556073739   196.53244462322897   
   84   14.164296102090436   196.45767502135072   
   85   14.202329440697685   196.45524264238426   
   86   14.216609054646302   196.56000792366416   
   87   14.243663424929228   196.4650058864234   
   88   14.245937932495805   196.46047775706725   
   89   14.280841533509731   196.45936116188727   
   90   14.278034519664123   196.5445074003678   
   91   14.311903033235456   196.53256232777107   
   92   14.327753974539574   196.45487539210524   
   93   14.332958501308779   196.45607194806513   
   94   14.325850673202213   196.54700978176294   
   95   14.375165801219161   196.549496286748   
   96   14.379554445751634   196.45929367364565   
   97   14.40728470356152   196.53462978959584   
   98   14.415313176741478   196.54702855270378   
   99   14.438457841893651   196.53663296174466   
   100   14.442466071123004   196.4625561102868   
   101   14.560490380717098   196.5490414058543   
   102   14.566382901377308   196.55235283211488   
   103   14.581854265670664   196.548421794817   
   104   14.60057466649856   196.44497837381775   
   105   14.62800835371798   196.55656194518625   
   106   14.652567266392555   196.5528068704959   
   107   14.654080825620543   196.45930124183644   
   108   14.696770455855566   196.53815132239978   
   109   14.699379373400031   196.44032301412676   
   110   14.690396205053387   196.53955781562914   
   111   14.75050046325731   196.55322959980603   
   112   14.78210698673549   196.53338268230877   
   113   14.769295976836348   196.45721780276813   
   114   14.776907421931652   196.54676036897658   
   115   14.80928408724585   196.44828049122597   
   116   14.848251146807371   196.46148538192995   
   117   14.861751206870037   196.52719058836365   
   118   14.887284651276632   196.4503639406058   
   119   14.88709710762174   196.45347860599935   
   120   14.895180558743892   196.5420962003632   
   121   14.939152754404256   196.4662459418634   
   122   14.947878022481376   196.54525848027475   
   123   14.951329872487525   196.4650341774477   
   124   14.985262477885014   196.54084598069318   
   125   14.989277715368747   196.4510039123843   
   126   15.02474118251835   196.46489531858836   
   127   15.065612698443422   196.54012458167526   
   128   15.03369396540317   196.4431698290632   
   129   15.073292843217743   196.53863193717908   
   130   15.09618298859933   196.45327229869042   
   131   15.105291471041877   196.57178245041888   
   132   15.143510865331804   196.54509930479043   
   133   15.12284996382664   196.45097671021986   
   134   15.146344114544746   196.54129842089648   
   135   15.204146434218213   196.44650160393758   
   136   15.190370010481105   196.46137919827513   
   137   15.230627820432643   196.45608900604392   
   138   15.24193603176219   196.54914075536223   
   139   15.28489428318114   196.44253736927905   
   140   15.29568057040603   196.45590014638506   
   141   15.300360213631423   196.4556604906243   
   142   15.309474038172873   196.4366655336194   
   143   15.333517999294987   196.4609055834084   
   144   15.368573406953704   196.46131921655672   
   145   15.35554834698059   196.45248420447277   
   146   15.369640916928908   196.5423288119862   
   147   15.421453801595899   196.45385316785885   
   148   15.534917179848975   196.54968723925555   
   149   15.418189822396526   196.45263314223723   
   150   15.551343289836446   196.46056111738233   
   151   15.549106496807518   196.53911023906323   
   152   15.5785383311141   196.46218686929632   
   153   15.563943688203386   196.4456470618227   
   154   15.603866810474807   196.45878160513828   
   155   15.614502602616557   196.52986521256045   
   156   15.61456051651313   196.5372945902525   
   157   15.64929871420024   196.5325762314267   
   158   15.68900929758222   196.4479263367317   
   159   15.680306590304069   196.46066779774202   
   160   15.691265622724416   196.5310545995244   
   161   15.71953648397285   196.54316763788634   
   162   15.763975229056843   196.43425467514797   
   163   15.765246312831977   196.4660635080273   
   164   15.795762587080965   196.46328335721805   
   165   15.826696766280827   196.45409816029738   
   166   15.83323774123355   196.53321773699864   
   167   15.851355379887071   196.55012192182397   
   168   15.857921911177286   196.53124133857256   
   169   15.870782676671489   196.5405863833818   
   170   15.911821589649188   196.53762809914195   
   171   15.926747911818541   196.42916791610537   
   172   15.9499169003241   196.53083545888015   
   173   15.940314775437269   196.5555295388685   
   174   15.95635400920843   196.53769613448154   
   175   15.993144860358925   196.46173192499612   
   176   16.00694693233068   196.4472458941679   
   177   16.06092405242892   196.55534731462348   
   178   16.06089977435705   196.54003178905955   
   179   16.079548056395648   196.53347229398807   
   180   16.104895630125213   196.45869291737512   
   181   16.1136494982931   196.45226255653824   
   182   16.124562083337867   196.45135262256457   
   183   16.158178404271695   196.45995541314053   
   184   16.16538443603192   196.537372795433   
   185   16.1750326500655   196.45741801224955   
   186   16.194335373630672   196.45490909101474   
   187   16.199501489846845   196.54912161277562   
   188   16.23436019574009   196.53775258772055   
   189   16.26265372667495   196.55577639634043   
   190   16.28819192281475   196.4605468325491   
   191   16.296843507029216   196.55335789279843   
   192   16.321387198260748   196.453702887658   
   193   16.333317719788553   196.459732026255   
   194   16.363650417011428   196.54043897927716   
   195   16.374913535935594   196.45930590464212   
   196   16.398424385367683   196.4464314091919   
   197   16.41044735923718   196.54126648703723   
   198   16.414862554342093   196.5376786876697   
   199   16.439702050028043   196.4488955021305   
   200   16.550542567307133   196.45826380840012   
   201   16.555734939723543   196.4433742227592   
   202   16.563341461184613   196.4552374093368   
   203   16.597538570599344   196.45749952264944   
   204   16.603700783409217   196.45341919404783   
   205   16.63266345811821   196.54374185503494   
   206   16.64473338434572   196.44958256202708   
   207   16.637575067086587   196.45380756718365   
   208   16.672947673234397   196.45871433567754   
   209   16.71695183053147   196.45934308537372   
   210   16.7417947576876   196.4744681884425   
   211   16.748717270503942   196.5328482826608   
   212   16.725976940759782   196.45362085578324   
   213   16.76166655029732   196.52850552183654   
   214   16.794263400893822   196.44531672378338   
   215   16.82574082254927   196.5311705888126   
   216   16.831351945613118   196.4575839407648   
   217   16.869743351854837   196.45938488408237   
   218   16.85923203875099   196.54521197456717   
   219   16.90118633035521   196.53893508317685   
   220   16.87900624646853   196.45507392745372   
   221   16.921010566386606   196.44367518402814   
   222   16.95776559844204   196.53385381736373   
   223   16.92650569891156   196.4715748356201   
   224   16.98644699717044   196.46614921157132   
   225   16.989227782993016   196.5338183946693   
   226   17.01167195209372   196.45602823120004   
   227   17.030463854809238   196.54057099215663   
   228   17.07717915132536   196.45668621214799   
   229   17.079377490671156   196.46876770704387   
   230   17.08690378473699   196.4464258062263   
   231   17.114871747286077   196.53805821329075   
   232   17.140793723066533   196.45261057906825   
   233   17.15301690439276   196.4443787505461   
   234   17.16842187610748   196.467513152126   
   235   17.18086447825629   196.52924666337876   
   236   17.181287270390715   196.53083599063356   
   237   17.230114420610178   196.42207055319713   
   238   17.237555605963422   196.45161815930413   
   239   17.26801382833344   196.55204754047088   
   240   17.306674470646847   196.56486358898837   
   241   17.286063915033164   196.44244712198588   
   242   17.313127117575554   196.46305105953056   
   243   17.327529617514138   196.46887141143927   
   244   17.39262595765636   196.53711309656703   
   245   17.396730701556407   196.53362394502307   
   246   17.38179481554231   196.558667731136   
   247   17.41128282841531   196.4572673757014   
   248   17.413494857261107   196.52940535713626   
   249   17.449631454385585   196.5499206726989   
   250   17.458103087782774   196.44165027975677   
   251   17.55618681191976   196.5481212496202   
   252   17.570304417601108   196.4556190432779   
   253   17.607163508335027   196.53772700324248   
   254   17.569973488134465   196.45595404681248   
   255   17.602575155262063   196.5394130063072   
   256   17.619082078491605   196.45180931163793   
   257   17.641178339777884   196.53567836679753   
   258   17.677546608844455   196.5372735673072   
   259   17.709254042074654   196.55045769973748   
   260   17.717118505824942   196.54555768854186   
   261   17.7320631756243   196.46494183467584   
   262   17.75523370369129   196.5576049060275   
   263   17.750700945707695   196.472884429835   
   264   17.80206337713118   196.54124948852515   
   265   17.805076458404475   196.55778084487463   
   266   17.84206359220596   196.54911230925683   
   267   17.824328464535157   196.46505353962996   
   268   17.9035779012843   196.54855863097012   
   269   17.909722194020237   196.45031061922592   
   270   17.894331972948518   196.463097729906   
   271   17.90669703793636   196.55504958164445   
   272   17.962550414366305   196.5452581645104   
   273   17.955093691006784   196.5442489213057   
   274   17.9954259514279   196.5539151820132   
   275   18.034753907356254   196.5341333838495   
   276   18.005891673834167   196.45805955917572   
   277   18.047186872655615   196.46114563210048   
   278   18.04038737823772   196.54050014059095   
   279   18.07842979868219   196.53473315049698   
   280   18.09935368765423   196.45765038661466   
   281   18.121394789023054   196.5383538422419   
   282   18.133307193000658   196.46501433225657   
   283   18.145682914110765   196.54487121917535   
   284   18.14889428093106   196.53296313521992   
   285   18.177571552471754   196.45745113624   
   286   18.21374995005526   196.45728568482724   
   287   18.235035107675383   196.46371101648904   
   288   18.24755932552063   196.44287297606863   
   289   18.270187948230234   196.5405320335876   
   290   18.281100176606675   196.5412855331443   
   291   18.30082382250868   196.4544878344598   
   292   18.343423986134013   196.55452426657828   
   293   18.338306851041015   196.46249871343792   
   294   18.365075400217485   196.4409845648371   
   295   18.374549510801142   196.54266746553347   
   296   18.407211169226812   196.453622434052   
   297   18.432658112549134   196.46019389774278   
   298   18.431800027625933   196.54620186995112   
   299   18.536737215079985   196.55126643224222   
   300   18.535688353454194   196.5459664855806   
   301   18.56881992787183   196.46208958729574   
   302   18.54927813505044   196.44034288720712   
   303   18.60865147219883   196.45519923918184   
   304   18.601114967986806   196.5366254799826   
   305   18.62781487363492   196.53482327702918   
   306   18.658665221526235   196.4336399975351   
   307   18.658536447150876   196.46585628810183   
   308   18.69900081242508   196.47315005589715   
   309   18.708002152254508   196.45030330278254   
   310   18.713614587774586   196.53118595655997   
   311   18.728934580508067   196.53158966624358   
   312   18.7429804437184   196.5653323767403   
   313   18.747324877331476   196.53177631345847   
   314   18.82301205663986   196.45895151746691   
   315   18.830535201225644   196.53622051875615   
   316   18.852830186689456   196.53529227434217   
   317   18.865418928763635   196.44424499170523   
   318   18.866677440494175   196.45814454183534   
   319   18.878670083408227   196.54320266857695   
   320   18.89409692473659   196.55407859874924   
   321   18.96552914551832   196.4760749037682   
   322   18.94795881864031   196.4251566166248   
   323   18.98945471632894   196.52833884289512   
   324   18.9768733611105   196.53542122434757   
   325   18.990841661126062   196.45512446039544   
   326   19.028077533051245   196.44689681279627   
   327   19.031857893491335   196.53500002910002   
   328   19.073187528077547   196.43284369329825   
   329   19.08102548822574   196.54055553324102   
   330   19.0819038619808   196.45113352774635   
   331   19.10578408545956   196.5478729387243   
   332   19.133114073386214   196.54231125176216   
   333   19.155787438178024   196.46265748211968   
   334   19.185231472103805   196.46601657940883   
   335   19.191322623325004   196.5404688411063   
   336   19.196858476116805   196.45679739754002   
   337   19.22726045463686   196.54598585374066   
   338   19.261703729144248   196.52726949737843   
   339   19.271698411829767   196.46769001380085   
   340   19.27564579214196   196.5386487818944   
   341   19.298640468277895   196.53337490654977   
   342   19.31607056539538   196.54292587641692   
   343   19.314784566873968   196.45617504022198   
   344   19.38223076926546   196.45853578806933   
   345   19.35616077736697   196.53455294858347   
   346   19.395051055366956   196.5451981360988   
   347   19.40995264924739   196.4572699759611   
   348   19.4467612929589   196.5689854141502   
   349   19.537862419642966   196.4501395288374   
   350   19.45731509515084   196.4418668882096   
   351   19.54808406687359   196.4614383366857   
   352   19.58021228156496   196.43566211332373   
   353   19.594281967028866   196.45963256055668   
   354   19.60032132740529   196.4614852179767   
   355   19.611560344494137   196.54946333873613   
   356   19.620252597848744   196.557995925028   
   357   19.65509008346032   196.53740715436405   
   358   19.678431779546873   196.44602669857466   
   359   19.714508380473227   196.44293188720567   
   360   19.692461819911088   196.54512661982386   
   361   19.733610289262458   196.46930391630488   
   362   19.73009085536883   196.45363465665193   
   363   19.774235724597435   196.4652316031417   
   364   19.77980560007232   196.45581758715886   
   365   19.805297887266313   196.46276196980799   
   366   19.83536084264592   196.45856412041493   
   367   19.847556441165185   196.54269483191536   
   368   19.88272036132259   196.53857024962826   
   369   19.896682494872554   196.45682871876002   
   370   19.89892770705659   196.54928047412918   
   371   19.931057403200423   196.54412281118   
   372   19.925819516501583   196.52481190287293   
   373   19.945086768621767   196.56773615794216   
   374   19.98321367313325   196.45068248962352   
