   0   12.557110650489184   127.53561853298982   
   1   12.541802728782638   127.5439435693052   
   2   12.563632342275831   127.54302683758809   
   3   12.604958155507898   127.46940640135807   
   4   12.617038467886157   127.54658716304847   
   5   12.622533420936222   127.54126076830946   
   6   12.625823114889382   127.55720443355038   
   7   12.653381947341096   127.54400305818916   
   8   12.671604339576694   127.55675030672334   
   9   12.702219647496158   127.4379231227954   
   10   12.724308648710604   127.5393829640771   
   11   12.74170436786772   127.43762315296038   
   12   12.728166872058337   127.53722955249489   
   13   12.767109777870179   127.53166030558478   
   14   12.792681406501984   127.54299970495457   
   15   12.825626363943016   127.5460253995647   
   16   12.830286724240917   127.54481941647262   
   17   12.839271548021523   127.45836824621388   
   18   12.857017807910026   127.53112979016475   
   19   12.90044248882856   127.46116192785493   
   20   12.922919418258646   127.54155965923327   
   21   12.929136619580351   127.53904080355974   
   22   12.945586761924666   127.45951404967799   
   23   12.949936057527976   127.53398817749213   
   24   12.989473112455883   127.52560016497162   
   25   13.011884003435902   127.45013915129168   
   26   13.018888622983447   127.45051957309471   
   27   13.020673169500949   127.46557631721106   
   28   13.062569258688324   127.46138457440179   
   29   13.066895663668221   127.45537939551205   
   30   13.098853139134787   127.5421024829667   
   31   13.125378122716837   127.44359111158467   
   32   13.135671459403019   127.45790693385312   
   33   13.180333935966008   127.44256009986785   
   34   13.166166432595796   127.45553635051398   
   35   13.182611108045732   127.52605556935751   
   36   13.199388180940506   127.53179642727682   
   37   13.235866266770133   127.53829366674445   
   38   13.243499085727274   127.45676946072771   
   39   13.260589440270277   127.46260325036508   
   40   13.268787409044474   127.5428622836842   
   41   13.318196197700344   127.46542487695278   
   42   13.335202953849704   127.45990001080204   
   43   13.3293989059668   127.53492708305923   
   44   13.37729901031163   127.4329529497079   
   45   13.386871162845324   127.46430275586096   
   46   13.391975857967946   127.54997394462256   
   47   13.394895804503317   127.46317706412754   
   48   13.426685412708036   127.46262386818854   
   49   13.439159046633588   127.46040021305417   
   50   13.452320678544226   127.54236094524727   
   51   13.561780070012226   127.54485926298983   
   52   13.571133902152322   127.46159587399016   
   53   13.584551363649101   127.54473148732677   
   54   13.576422415234784   127.53371385158225   
   55   13.622467378333933   127.46094296910596   
   56   13.62086640709717   127.54459799669263   
   57   13.642630021627216   127.55382675178281   
   58   13.674560690803096   127.45902018179402   
   59   13.71865823730177   127.53521169861943   
   60   13.708572139019958   127.55525622559385   
   61   13.720394141629232   127.46121247194667   
   62   13.783470090809175   127.53190322364229   
   63   13.798266814975657   127.44867519363328   
   64   13.794580985178296   127.44812153101263   
   65   13.79473510058979   127.45170232871594   
   66   13.861488116707342   127.52565769090762   
   67   13.851960823101177   127.55014329611829   
   68   13.877346760079432   127.46462746499938   
   69   13.887964428520952   127.53323084936805   
   70   13.884473899260865   127.53155188386492   
   71   13.927687235688483   127.45243002805348   
   72   13.94414521799408   127.53802664701556   
   73   13.99180966118421   127.46635318965264   
   74   13.994280388461487   127.4589301518215   
   75   14.025471370104897   127.45589057400845   
   76   14.011394076238181   127.46707605948355   
   77   14.032374946149758   127.47199174235143   
   78   14.07432498629909   127.53814510778618   
   79   14.083707448955654   127.45136896229127   
   80   14.09441702120557   127.45438435864543   
   81   14.116979497558841   127.55682253921428   
   82   14.114737195064727   127.45930421773974   
   83   14.142528703713129   127.54808211221541   
   84   14.196401192181142   127.44964338079126   
   85   14.194045257002184   127.46086427358289   
   86   14.198206591615604   127.53425648107886   
   87   14.233930954022934   127.46056405753353   
   88   14.236895862002845   127.53617979823582   
   89   14.262057150816476   127.52949301256838   
   90   14.299484602036562   127.44923897332465   
   91   14.321685509169676   127.53813818527775   
   92   14.328342053313103   127.46552521339157   
   93   14.330087873834188   127.4633734047043   
   94   14.348742473404862   127.45094413418646   
   95   14.39248798402492   127.52896031131871   
   96   14.41682955462901   127.46303165321879   
   97   14.398209519307441   127.46433931770996   
   98   14.434029047858939   127.5469140224613   
   99   14.544096417332836   127.46169382806978   
   100   14.53789083778683   127.5417424653929   
   101   14.539005817006258   127.54767634929001   
   102   14.57849268969757   127.55279904980064   
   103   14.583963551062705   127.46010961433295   
   104   14.602098523247443   127.53001932987429   
   105   14.603545054444032   127.54310908605864   
   106   14.625847671584728   127.46583708161326   
   107   14.651638493482519   127.53531799853427   
   108   14.684877027377453   127.45878692060487   
   109   14.709321441256881   127.42652566639775   
   110   14.704855628993474   127.45579727862187   
   111   14.751381962745489   127.45088465677567   
   112   14.756593987360565   127.46215245810014   
   113   14.789147443639997   127.45656744119276   
   114   14.766835109078542   127.53912226893466   
   115   14.819845665294569   127.46660036460253   
   116   14.821923973877057   127.45798248838942   
   117   14.853490712136832   127.47438075546984   
   118   14.838952699783544   127.5481399066638   
   119   14.860197642209325   127.45647198753264   
   120   14.901272600197995   127.53368412850584   
   121   14.91671475276998   127.53656952230628   
   122   14.917524279621926   127.46447741818089   
   123   14.975981802751393   127.52913282789112   
   124   14.984655440922879   127.5656636608028   
   125   15.004836039577508   127.46681474064486   
   126   15.02693256334121   127.53167473426984   
   127   15.01288077050433   127.46639673974197   
   128   15.052652353103674   127.46517374971188   
   129   15.054019897274292   127.54094280732059   
   130   15.085161345401279   127.46217831754706   
   131   15.11420237761545   127.53865943528372   
   132   15.127032928564047   127.53118076773274   
   133   15.153768667142142   127.44578726295376   
   134   15.143150626785994   127.44961081203996   
   135   15.180092994810582   127.45495834953434   
   136   15.199367836660423   127.4557310833307   
   137   15.216203062090589   127.54135739732568   
   138   15.25579682815023   127.45479407878142   
   139   15.277269523455283   127.54668965876706   
   140   15.266639336974846   127.53166175803206   
   141   15.297160926208408   127.45894945347224   
   142   15.314043693861851   127.45781821301918   
   143   15.332719955067454   127.53566260203348   
   144   15.372546859857833   127.46005196591511   
   145   15.37349468702392   127.4507842984804   
   146   15.407712306502273   127.54763970138532   
   147   15.437221661795727   127.55218106137353   
   148   15.421316306478017   127.54507370260687   
   149   15.452002144318017   127.44943247792402   
   150   15.456541951934032   127.46286324354283   
   151   15.556920392753277   127.46228310096177   
   152   15.546921337643298   127.55464215601461   
   153   15.57274738398297   127.46075911275554   
   154   15.575948777504538   127.4330712432542   
   155   15.616300905884758   127.465950066538   
   156   15.635453488169865   127.53585404971504   
   157   15.68199867705438   127.46353057259715   
   158   15.656056257967126   127.45685424127473   
   159   15.70417099176562   127.4532450944596   
   160   15.691006524428522   127.45201356023375   
   161   15.72948061638989   127.46443245568874   
   162   15.746993842274543   127.53985760663747   
   163   15.781188731400068   127.44819332433458   
   164   15.796578801005705   127.53829440837515   
   165   15.791563881117014   127.53881696450117   
   166   15.815201613647481   127.44732743770874   
   167   15.846617214468091   127.54025485979   
   168   15.895954521903207   127.45877801540661   
   169   15.900172368361837   127.45943206725673   
   170   15.903073230767903   127.44877122863645   
   171   15.947116864606732   127.53604052347785   
   172   15.931814261211402   127.53280651785524   
   173   15.939804575758593   127.43674281222386   
   174   15.981373331792454   127.45179731292174   
   175   15.988195437475945   127.53562916368959   
   176   16.00084921295841   127.45872650786107   
   177   16.02950326435444   127.53026580956767   
   178   16.070869007098175   127.43921572613078   
   179   16.076308539480216   127.53814083913002   
   180   16.108524847530536   127.53439823319465   
   181   16.11286471083849   127.53315402284731   
   182   16.127892234966616   127.46661419658678   
   183   16.133206016564426   127.54648971712635   
   184   16.180358103261348   127.45356276283461   
   185   16.195527932306465   127.46478655600926   
   186   16.20149063210472   127.45958628418633   
   187   16.22280487985162   127.53982980071385   
   188   16.267023128159497   127.5479592408978   
   189   16.285091046229383   127.54612767436087   
   190   16.285497220097557   127.45194017774219   
   191   16.3066825632339   127.46928336440426   
   192   16.29440124423554   127.45186436316162   
   193   16.35125727516871   127.56134292531199   
   194   16.34125334632235   127.45299427718938   
   195   16.370892316392705   127.54012655919796   
   196   16.403646378522357   127.46368959326216   
   197   16.402820758068458   127.54105903342678   
   198   16.421779936251447   127.45349100090147   
   199   16.434833895150753   127.55860186201863   
   200   16.547587821230465   127.45107179933396   
   201   16.56389507797186   127.45006137869355   
   202   16.570236941432015   127.45759885989335   
   203   16.592993528539356   127.45458486311344   
   204   16.610103657815138   127.54962819702226   
   205   16.596654200677897   127.5464917701386   
   206   16.630940707714046   127.53076824882994   
   207   16.641185485763998   127.4396053099224   
   208   16.67667017400778   127.54337651749627   
   209   16.71744797143714   127.46032446177237   
   210   16.71981865961593   127.45047946074267   
   211   16.74388822285933   127.47425039402304   
   212   16.769958295656114   127.54795525634422   
   213   16.789982397678866   127.4645847742032   
   214   16.8072051785172   127.46225339242947   
   215   16.81441943562676   127.5532892910753   
   216   16.815545091257327   127.4481885970302   
   217   16.850006524080396   127.44531872953641   
   218   16.876187022711143   127.43868495055699   
   219   16.906670819096977   127.53296933678772   
   220   16.899532362744175   127.44876520176635   
   221   16.927692055413907   127.44433497966507   
   222   16.958156629836445   127.54587405979902   
   223   16.964844614743413   127.56210237099332   
   224   16.994794206405732   127.42707998197741   
   225   17.01168428088036   127.46512177429797   
   226   17.013045098573734   127.53088175710478   
   227   17.04632862741149   127.46018223151054   
   228   17.035372755035393   127.43911414135377   
   229   17.078986155532874   127.53471044901585   
   230   17.108603455691583   127.5352730255801   
   231   17.12705928111733   127.46412390796254   
   232   17.135464347479203   127.55123935575011   
   233   17.145194389541757   127.53846393813649   
   234   17.17034197247343   127.46383946556661   
   235   17.197691576819974   127.46670140379096   
   236   17.207892692194356   127.45945992292161   
   237   17.231610861925663   127.5489084233234   
   238   17.241029979101675   127.56735571975969   
   239   17.258100824667675   127.55205783909022   
   240   17.295348902956782   127.46392479755124   
   241   17.294851082037617   127.46237747333362   
   242   17.331367473097675   127.45881364605722   
   243   17.323532004876228   127.54801403676026   
   244   17.357220428808986   127.5287739413817   
   245   17.362717934248803   127.53349205134147   
   246   17.399269182318136   127.56179669624963   
   247   17.402327219424482   127.45977784048046   
   248   17.426571941379706   127.53929241080942   
   249   17.445354646180757   127.45460182626678   
   250   17.461859654688155   127.43865490276856   
   251   17.563010670995624   127.44749519933674   
   252   17.57648459645077   127.55760464769676   
   253   17.580210948729068   127.55360576310665   
   254   17.600714374209993   127.44000071934543   
   255   17.596159717796517   127.44564322530954   
   256   17.641854302015954   127.55496078917153   
   257   17.67650404333901   127.52786203052271   
   258   17.688493427248066   127.54435489535324   
   259   17.68916521729425   127.53455894995767   
   260   17.726941972579176   127.44489731931851   
   261   17.753660569387232   127.54057124835269   
   262   17.744648761742752   127.53916940253148   
   263   17.787992110107105   127.54158576524819   
   264   17.79300850629996   127.46643465228077   
   265   17.793631231852977   127.54791893998491   
   266   17.803689808791926   127.46151850777554   
   267   17.809386086990777   127.54937379450146   
   268   17.874119304319226   127.55541392384065   
   269   17.91168399669789   127.55349748805914   
   270   17.890188095466034   127.4629947224629   
   271   17.938932440544747   127.53436479086255   
   272   17.942378633853565   127.46395708413401   
   273   17.944680620635012   127.56802851005125   
   274   17.972419657099145   127.53217488330253   
   275   18.020824630153918   127.54112620125716   
   276   17.984529730672875   127.53846131442938   
   277   18.02350025270353   127.53455425861469   
   278   18.05680649839204   127.46030985927386   
   279   18.073474837476855   127.46360543140187   
   280   18.07032002492172   127.53220790368088   
   281   18.1222733498306   127.53568597581224   
   282   18.136597765599287   127.46036221458087   
   283   18.168123767991393   127.55817792571759   
   284   18.16985963795189   127.54246424993916   
   285   18.186231065123646   127.45766357526544   
   286   18.21163413548595   127.55241937417968   
   287   18.22548717029538   127.45972810071366   
   288   18.22894994521123   127.46117492046469   
   289   18.250395506689976   127.54352472236947   
   290   18.27980611292067   127.53279462137778   
   291   18.300917340079213   127.45418504320277   
   292   18.334374667957274   127.53469941407876   
   293   18.3481418583578   127.54185432070229   
   294   18.346633141501965   127.45235836002172   
   295   18.39159578354164   127.46433640595865   
   296   18.393892166254783   127.45828426006516   
   297   18.394216106650006   127.42976749174987   
   298   18.437378166964418   127.54786647470107   
   299   18.432246743679336   127.55028458711413   
   300   18.530970175678032   127.4264864232798   
   301   18.554279600739054   127.44853030510545   
   302   18.57093593711288   127.44836289638624   
   303   18.59183209046436   127.53001367414082   
   304   18.607150113995807   127.44906917657961   
   305   18.638513472517527   127.55003826000097   
   306   18.63343675769292   127.55195045431331   
   307   18.66117086886219   127.46150222496851   
   308   18.68021038867749   127.53267323839356   
   309   18.695555483541476   127.44441353403431   
   310   18.740690622584477   127.52932743894343   
   311   18.73896925799986   127.45971707282074   
   312   18.74859129335754   127.45270363556543   
   313   18.770462324057142   127.46195703757768   
   314   18.7838356316607   127.54495480975501   
   315   18.80180657636147   127.53624191864763   
   316   18.808679234568817   127.53773070882472   
   317   18.848582267998125   127.45862344747222   
   318   18.900122318004186   127.53468763935996   
   319   18.88687883344027   127.56158122473886   
   320   18.900257886147877   127.5317171444385   
   321   18.928592257777435   127.53261528277015   
   322   18.946392902903508   127.45440160161141   
   323   18.973148069756693   127.44804341774238   
   324   18.96168491928526   127.4485628984505   
   325   19.006322172908447   127.45574197437651   
   326   19.01384537638151   127.53963220594467   
   327   19.011981341204105   127.55069172385049   
   328   19.024622629754777   127.53677153387976   
   329   19.077485404415345   127.54126288191219   
   330   19.116668608514786   127.46775339955721   
   331   19.113588363550072   127.54809082536144   
   332   19.13144721714659   127.52788616443804   
   333   19.157908099546855   127.54063255343219   
   334   19.193155682166246   127.52630913237938   
   335   19.183636641248913   127.53960265531587   
   336   19.203536125874262   127.5412896949479   
   337   19.23392665832151   127.55510566573933   
   338   19.253190795953376   127.53380455149302   
   339   19.263773179080818   127.55579933507988   
   340   19.277110761585313   127.54162053407646   
   341   19.317803028207113   127.54297105825013   
   342   19.336890840889055   127.46604127521088   
   343   19.339329945105046   127.44332746397735   
   344   19.33670539564287   127.53716894140933   
   345   19.36652147422336   127.5504265876227   
   346   19.396061217719108   127.45735892769214   
   347   19.400849239491745   127.45982154119058   
   348   19.423399436293803   127.54021998624347   
   349   19.428106529360747   127.4540975500789   
   350   19.46160607085539   127.54731797761717   
   351   19.556693048951075   127.54453443841321   
   352   19.589995562881214   127.43941536108615   
   353   19.577104556960123   127.53874824559847   
   354   19.587825378040932   127.45737971716638   
   355   19.628777475167418   127.54373209966292   
   356   19.643314115173872   127.45727097950174   
   357   19.66470128777334   127.53413012774601   
   358   19.681990697123023   127.54275593906691   
   359   19.70085316059673   127.5406848392276   
   360   19.69843973175094   127.53797784909233   
   361   19.74305085747795   127.55509710418417   
   362   19.75022847206176   127.5518311005059   
   363   19.77843564865655   127.54512785749662   
   364   19.810555731074082   127.46527663663511   
   365   19.81289114797671   127.53174479134492   
   366   19.809153796781533   127.46974790651085   
   367   19.864022229444963   127.53413784586431   
   368   19.875758961906765   127.46873281459649   
   369   19.892385888846256   127.45375852214931   
   370   19.89967813779587   127.42660390802048   
   371   19.920624380096168   127.56360198716419   
   372   19.93323480324735   127.5582509836244   
   373   19.97164050572905   127.47080228953867   
   374   19.9911835086445   127.53949860949334   
