   0   12.45189877311494   219.56442755053476   
   1   12.537340818452234   219.5496475547108   
   2   12.464924262761361   219.45653222313595   
   3   12.58138661201941   219.4553352803911   
   4   12.59816087448015   219.44855074347802   
   5   12.605970993186716   219.46467541680505   
   6   12.633031451957322   219.45214012032517   
   7   12.691040554572165   219.43948755169663   
   8   12.692787982789362   219.5287395367967   
   9   12.689398793886188   219.5330411655098   
   10   12.73724303825924   219.55534076917147   
   11   12.725551446655905   219.54081459481938   
   12   12.793523331110373   219.45445327337103   
   13   12.774867985681505   219.45784605703236   
   14   12.807222264638435   219.53068833617723   
   15   12.79109393058942   219.53908947695103   
   16   12.847333650155205   219.45715730273835   
   17   12.855851931663132   219.46038176018152   
   18   12.853425895398027   219.45109830986948   
   19   12.882823617650335   219.54231447292406   
   20   12.901521233046116   219.53587740691626   
   21   12.947991608452758   219.45873069770045   
   22   12.940622752613708   219.55458101405688   
   23   12.959785753162624   219.55095307169375   
   24   12.959612135022654   219.55936607038737   
   25   13.013491944799311   219.55070566303453   
   26   13.002476844554941   219.4653066410114   
   27   13.05188330106567   219.45426390840933   
   28   13.058327723371681   219.54117654604852   
   29   13.06262142824853   219.54198063450954   
   30   13.08509759659566   219.56732305441014   
   31   13.115715149469937   219.54340748720034   
   32   13.135530705917816   219.44912642536906   
   33   13.14446344685935   219.46330947891343   
   34   13.157816895730763   219.5503318523617   
   35   13.197135602250684   219.55956909444254   
   36   13.16897961568457   219.54078435463933   
   37   13.223374781535133   219.55010780167643   
   38   13.232053615864936   219.43847357717922   
   39   13.256365558172018   219.45339400817173   
   40   13.307510261094501   219.44423079947785   
   41   13.279491671471094   219.47002334593626   
   42   13.295489364692433   219.46516281497819   
   43   13.32665267426108   219.4421415862973   
   44   13.36481996826714   219.54764879807271   
   45   13.389542419224114   219.53379106015984   
   46   13.391420839509763   219.5501955479263   
   47   13.420776206426403   219.45859858392495   
   48   13.414208343134167   219.45683351141278   
   49   13.54276225887934   219.460894529434   
   50   13.539590999125714   219.4562817455408   
   51   13.563698420407823   219.45321367718427   
   52   13.571170373258939   219.55778783640858   
   53   13.588644153301143   219.44024200280523   
   54   13.604833050925608   219.54430343630187   
   55   13.609926575249352   219.4681386442606   
   56   13.606118778919601   219.46120978233952   
   57   13.666234013679702   219.5483871292827   
   58   13.671381778593876   219.53336216923108   
   59   13.707292308615786   219.46160481278307   
   60   13.746331599727805   219.44267237901585   
   61   13.723874040221446   219.45828872153282   
   62   13.759471399353108   219.46552386768303   
   63   13.761996121496242   219.4555908017046   
   64   13.784650374468042   219.44405868130164   
   65   13.817859789318419   219.46781900237062   
   66   13.820981822911534   219.566662049747   
   67   13.820563194360847   219.46777704907177   
   68   13.862290797004846   219.4650678396209   
   69   13.913200002997057   219.5224222858082   
   70   13.90345966869851   219.53986282582053   
   71   13.93462561107174   219.5436634359859   
   72   13.972685892388771   219.46440711336172   
   73   13.944175140186779   219.54007392806463   
   74   13.981877651356847   219.54277136319334   
   75   13.99436972544108   219.45257717121672   
   76   14.015906454083035   219.54165853974723   
   77   14.025941761995032   219.53671298273193   
   78   14.04133770306665   219.54525425442486   
   79   14.056538284857687   219.5300926967956   
   80   14.072103979073434   219.44740519889916   
   81   14.116413207887524   219.4568007050847   
   82   14.110579531381916   219.54327554985224   
   83   14.151237633066067   219.46033027954968   
   84   14.154120503297795   219.54384029786345   
   85   14.204281477096856   219.544433345415   
   86   14.249063612941539   219.4629132312885   
   87   14.221476749573332   219.5494025193975   
   88   14.229043639774954   219.44338726265397   
   89   14.279097682081824   219.5372436174439   
   90   14.290295231292626   219.52925684541412   
   91   14.31138719757729   219.44534131059936   
   92   14.32650681256691   219.45006588234025   
   93   14.358009761665828   219.4548452980394   
   94   14.375927619912135   219.45682104833105   
   95   14.399297152335391   219.4568752204056   
   96   14.382548140326179   219.53560185131715   
   97   14.417292008141693   219.45780162782995   
   98   14.446207619571512   219.54045109816838   
   99   14.441735668591926   219.4494125046174   
   100   14.53733445371646   219.56014480930043   
   101   14.54812620414511   219.54045238371353   
   102   14.57457909295718   219.5435269965241   
   103   14.589997968333542   219.44671104306815   
   104   14.620641195560367   219.55014403402532   
   105   14.619414464392365   219.44661742697957   
   106   14.633526233119886   219.54016442577802   
   107   14.65005011231212   219.4552110389475   
   108   14.688020379967217   219.5335138393688   
   109   14.692422791214653   219.45098694445693   
   110   14.686203195191148   219.5347920519555   
   111   14.730560617942732   219.5389635866266   
   112   14.771475132025445   219.552598211629   
   113   14.782344693124616   219.4548670471554   
   114   14.765122889780772   219.53704329098167   
   115   14.821767107631231   219.4584064931061   
   116   14.829622972839072   219.53045221819335   
   117   14.837972494026669   219.54013928605104   
   118   14.876613133356177   219.45418919208015   
   119   14.876846272138065   219.44869341553778   
   120   14.901653209156843   219.44723407060152   
   121   14.914637693533983   219.45814887175771   
   122   14.93355543243617   219.4499723846311   
   123   14.989186251957594   219.4639522679051   
   124   14.965279317449493   219.46408210987457   
   125   14.979884484954244   219.46468058714999   
   126   14.995586735548905   219.5348000816876   
   127   15.029900021422183   219.54619751973604   
   128   15.060516998652723   219.52601415632913   
   129   15.0716277892497   219.53917906505427   
   130   15.083579434116203   219.55656276093362   
   131   15.097323668283007   219.5426384909182   
   132   15.09423866188126   219.45760586602321   
   133   15.177104284721642   219.53197106700753   
   134   15.137725755931974   219.4693492745658   
   135   15.202099650772354   219.53186073990915   
   136   15.21065917071578   219.44413760118027   
   137   15.225731670847976   219.45480862110628   
   138   15.230996921899411   219.46920232940235   
   139   15.253420266963635   219.55910415136276   
   140   15.263703116032955   219.5418417954803   
   141   15.305661589774076   219.45607823834416   
   142   15.331245202551646   219.54346442802347   
   143   15.34425873124756   219.55212967015018   
   144   15.370256906459224   219.53977191098332   
   145   15.37267386219372   219.45766837822336   
   146   15.395818539796542   219.55476748704706   
   147   15.407616305477374   219.55663682083585   
   148   15.431491803064961   219.45773074735504   
   149   15.449104623525134   219.53957743257607   
   150   15.553683622928563   219.54783992520558   
   151   15.463234357724094   219.54841782556633   
   152   15.563566790204801   219.44991749367057   
   153   15.582624765525743   219.46491395482138   
   154   15.60302291921326   219.46161748041885   
   155   15.632438693561735   219.55521440930315   
   156   15.62320286966028   219.45399368831983   
   157   15.633907244772214   219.53461840699032   
   158   15.661219633458924   219.53110961680858   
   159   15.689252446452004   219.4653497796456   
   160   15.710995787574966   219.55205660698368   
   161   15.717594769133953   219.4593309394098   
   162   15.748796021916984   219.4416717192428   
   163   15.779394018022543   219.45907877328193   
   164   15.791358016685173   219.53469298447786   
   165   15.78382366801424   219.46511718796813   
   166   15.842368639276534   219.5590888453577   
   167   15.85530555299707   219.53780183114276   
   168   15.89639237744171   219.46259882550555   
   169   15.870415166662514   219.45995569144605   
   170   15.889683754933197   219.45110394786914   
   171   15.922425985321953   219.5344939476844   
   172   15.957312838483135   219.46007328921982   
   173   15.96873870413786   219.5619066470753   
   174   15.993435252146977   219.55734572858668   
   175   16.016186769396175   219.46714904800623   
   176   16.00099898187079   219.4374195469817   
   177   16.040933262852764   219.45490374663842   
   178   16.04795625532913   219.54389139941358   
   179   16.057521008662988   219.45771286163975   
   180   16.10850574952287   219.46106304795003   
   181   16.11352705062993   219.4509415028549   
   182   16.115809031064337   219.54687320130944   
   183   16.11406568063592   219.5505131166873   
   184   16.167511966456285   219.54699962915967   
   185   16.201349847085385   219.54759789498436   
   186   16.168580303836986   219.4486755093256   
   187   16.210776222986965   219.4567830037147   
   188   16.23360800790755   219.54591219809706   
   189   16.27094761901074   219.46109881428222   
   190   16.306797233319326   219.53379276778858   
   191   16.319132294537592   219.54630467927248   
   192   16.34220010188061   219.5440201385764   
   193   16.3037772492267   219.54732399769873   
   194   16.363326963906275   219.46293211208211   
   195   16.380513819865826   219.54268390916891   
   196   16.40537662801813   219.46473114760317   
   197   16.41541863517569   219.55414151894547   
   198   16.425158209239786   219.44614575775745   
   199   16.444212813286406   219.5416709068977   
   200   16.459726416013964   219.4564365569684   
   201   16.462956764361135   219.53515573649372   
   202   16.56065006305562   219.44920904633952   
   203   16.58248515165859   219.53650007105927   
   204   16.571847166869624   219.54663263907932   
   205   16.6589993181945   219.46175052009147   
   206   16.65936740525103   219.46064670123724   
   207   16.67558096533112   219.45380382916704   
   208   16.642762649484578   219.46174036310208   
   209   16.729705297905884   219.4487194101407   
   210   16.70510664087944   219.5361516280939   
   211   16.73526867368047   219.5507474064948   
   212   16.77877532699968   219.53767451893734   
   213   16.801118100044622   219.52935617176115   
   214   16.79521849305759   219.4462416638113   
   215   16.80227543180835   219.5425106386778   
   216   16.825533434371803   219.43619734990128   
   217   16.837912443883624   219.54861475516302   
   218   16.85240400057384   219.4652793589052   
   219   16.887875015399977   219.54503959247154   
   220   16.92562764899067   219.5269394592161   
   221   16.92621027464404   219.43773300100784   
   222   16.948070518607132   219.52814982750607   
   223   16.973404672614233   219.54262469618965   
   224   16.984465943107388   219.4679864167823   
   225   16.991493388917682   219.54691106382916   
   226   17.01782276436021   219.5308744159342   
   227   17.03872059069523   219.4665340320219   
   228   17.02646709254057   219.56246824764324   
   229   17.04902951701675   219.45790133025753   
   230   17.080127927136022   219.46133226482848   
   231   17.104543448335267   219.52760959921832   
   232   17.120170013756198   219.45423004891651   
   233   17.14944984062603   219.44813618531833   
   234   17.167911136637347   219.54806212554527   
   235   17.179006882509473   219.53119829680634   
   236   17.203508897777475   219.45378607716964   
   237   17.22140863884668   219.54457007692847   
   238   17.255209366981394   219.5358628358405   
   239   17.259918382940835   219.54770782877765   
   240   17.29177671352979   219.46637167319406   
   241   17.298652874640826   219.55176452468098   
   242   17.30034284403391   219.5440867517979   
   243   17.307320062942402   219.4533879007032   
   244   17.37094430770003   219.55210103831442   
   245   17.38321750897669   219.53832403966862   
   246   17.428596194543157   219.45947542959763   
   247   17.418051625700112   219.5395888864596   
   248   17.4303799336023   219.45406649796382   
   249   17.457651202676594   219.5446388378123   
   250   17.45489848352355   219.4292683984143   
   251   17.461755925875863   219.4462897425418   
   252   17.556110971878   219.54684187834332   
   253   17.62130304396365   219.53534169861527   
   254   17.596652214053286   219.53933682008986   
   255   17.61731421158176   219.47075609850742   
   256   17.63161697198023   219.45306172346812   
   257   17.671666912346883   219.45363399919708   
   258   17.663958781155735   219.45451942457697   
   259   17.664804037054264   219.53572155666552   
   260   17.704225507684402   219.44784106549713   
   261   17.724562997604032   219.52521705112758   
   262   17.781181253498968   219.42909499600856   
   263   17.80722942657346   219.45561312256243   
   264   17.80784978946146   219.53174654767167   
   265   17.820014733058187   219.44063463709404   
   266   17.866547833083786   219.43673828461024   
   267   17.882604899753588   219.5423512244231   
   268   17.86250935588779   219.43644335387447   
   269   17.888467177370224   219.45422431073996   
   270   17.86150572960892   219.45316786791827   
   271   17.926654713486826   219.46693053063728   
   272   17.933849634762257   219.4531413181041   
   273   17.963672063691792   219.4369376002027   
   274   17.97829562826195   219.53795498517638   
   275   17.991413084737765   219.54788802974628   
   276   18.014085073845642   219.54597974639205   
   277   18.04137637636582   219.52265221956804   
   278   18.065063603389646   219.43977974396523   
   279   18.067057948359807   219.53052283187617   
   280   18.07905966401881   219.46452369811442   
   281   18.127636173271522   219.44146659095452   
   282   18.128458500436405   219.5383275492649   
   283   18.15156626669229   219.53908097486726   
   284   18.141946844474628   219.4557934214745   
   285   18.164238539104684   219.55487508030018   
   286   18.211904912147318   219.53329895018175   
   287   18.23938917874979   219.56104871524045   
   288   18.241088527317466   219.52872147564784   
   289   18.24520093039546   219.4577971572764   
   290   18.268311198467504   219.5404310504996   
   291   18.28243119451793   219.5338355943692   
   292   18.34174938151526   219.53643955896152   
   293   18.33972075543852   219.4609839069371   
   294   18.35133289979374   219.45481982622672   
   295   18.38647161649902   219.45154421955064   
   296   18.402126642110527   219.4617803033536   
   297   18.419296925907368   219.5565468918455   
   298   18.39775185674429   219.45098468564322   
   299   18.439018753862495   219.46285619509834   
   300   18.457014689886634   219.45778171222463   
   301   18.46621710790751   219.45170509176762   
   302   18.55427711131591   219.55350864079247   
   303   18.576490299499337   219.46183244085145   
   304   18.594863795956485   219.4626882455035   
   305   18.652645697314192   219.45907061853038   
   306   18.648732378180068   219.45297670238386   
   307   18.657435344231168   219.54643975059915   
   308   18.65718267682556   219.45758816992748   
   309   18.707631543411033   219.44801714070294   
   310   18.689785352661186   219.44381810327005   
   311   18.716706212231234   219.53707686609687   
   312   18.73814872115081   219.55807927261716   
   313   18.764040218389027   219.4574274911674   
   314   18.81206615716879   219.46540477874777   
   315   18.830302689385128   219.536465973976   
   316   18.82093151260689   219.45815381353486   
   317   18.85395678495044   219.45812347850185   
   318   18.846081829074976   219.47201846207324   
   319   18.91255165017623   219.55614447525616   
   320   18.90545573840742   219.52959762164429   
   321   18.93902184239039   219.4588375286148   
   322   18.967934963316125   219.4606962212948   
   323   18.973514243767   219.53616650966265   
   324   18.974341617931277   219.46385843420114   
   325   18.969174938532507   219.46850525908246   
   326   19.007293292017383   219.44706888610486   
   327   19.031245730921956   219.53543656441605   
   328   19.03734567867408   219.53548191486476   
   329   19.045225068586195   219.46979302753792   
   330   19.091091499764435   219.55632843492035   
   331   19.12339556036596   219.54869232034713   
   332   19.11055217125427   219.5647700244264   
   333   19.152434948538136   219.56428916606066   
   334   19.165979737046133   219.53561950395346   
   335   19.182957686133804   219.46543263217634   
   336   19.19076712025744   219.55299899225022   
   337   19.236243568585156   219.53025719829805   
   338   19.26183322806811   219.45377421336687   
   339   19.284624438430967   219.5453347033365   
   340   19.288205067538644   219.43664167649163   
   341   19.27599975341006   219.46213453187133   
   342   19.336828208219384   219.4562114822594   
   343   19.335934083451075   219.55015672596875   
   344   19.35557341041321   219.45371499988232   
   345   19.365286673265626   219.46211341342413   
   346   19.388688606558873   219.45748989874156   
   347   19.421427440146037   219.538270003355   
   348   19.433333779105194   219.43140456632423   
   349   19.451890876224635   219.46068919729908   
   350   19.54850038258037   219.46035974244336   
   351   19.554741122862673   219.53556321223112   
   352   19.58104576497932   219.5481709934823   
   353   19.59529606652059   219.4490989427637   
   354   19.601854847829426   219.5511255041184   
   355   19.615809522611652   219.53965272475006   
   356   19.6313554334624   219.53046949169217   
   357   19.671035613690552   219.46506705115837   
   358   19.677609897729283   219.5437099032092   
   359   19.694972960863627   219.54155052526184   
   360   19.75297762837082   219.44355220769276   
   361   19.746210694129456   219.5455551690652   
   362   19.772474106456347   219.53509215829018   
   363   19.77381098890378   219.4603212038599   
   364   19.801390388753866   219.5581081055496   
   365   19.80495094685229   219.54290237767057   
   366   19.861943621162002   219.44022970212413   
   367   19.86660630396821   219.5455163870918   
   368   19.861687831590803   219.5444235068205   
   369   19.92059160981109   219.45583841962687   
   370   19.909033750378043   219.55948299274968   
   371   19.93947742027909   219.53517436593512   
   372   19.94743683028882   219.4521250477626   
   373   19.935518047133822   219.448035664139   
   374   19.99590249003678   219.5545675588988   
