   0   12.440907276349368   173.45999418825522   
   1   12.574219433694925   173.5377844454133   
   2   12.55654506068263   173.44117377423385   
   3   12.596021255302809   173.54815591001733   
   4   12.60346303741607   173.44380451704814   
   5   12.606584760293561   173.55090179515898   
   6   12.633484275407518   173.46646709663602   
   7   12.62501421008157   173.53858621788774   
   8   12.678784842175386   173.54172588706325   
   9   12.686145541085455   173.5331103918132   
   10   12.727445543935403   173.45689777833   
   11   12.708092884995896   173.5401660120795   
   12   12.767301971656671   173.53611011704103   
   13   12.76964526857194   173.4692860563843   
   14   12.78141723725351   173.53121809414566   
   15   12.809187356770986   173.45350626506664   
   16   12.81846674917706   173.45017820757667   
   17   12.855481955832161   173.46258968069213   
   18   12.873508915244665   173.45095257291044   
   19   12.87764200916607   173.4616121356904   
   20   12.939891080857722   173.5540939730726   
   21   12.935409977438795   173.5351687980948   
   22   12.956973125664664   173.45289256816085   
   23   12.931238615981258   173.53598408011254   
   24   12.987519842089835   173.5351318536452   
   25   13.001533858908319   173.55588475181213   
   26   13.046993592088922   173.55014547219884   
   27   13.011293629343362   173.45673943396739   
   28   13.05244581870554   173.53427421318568   
   29   13.05263252921783   173.43198381438606   
   30   13.047569656443724   173.53463197977922   
   31   13.10475098165496   173.56192802316627   
   32   13.123270942382229   173.4542119140301   
   33   13.170876221199695   173.54369953791868   
   34   13.182933097268647   173.47512136173773   
   35   13.175019783817675   173.46250328421152   
   36   13.23204384114976   173.53416976481407   
   37   13.217815916448679   173.5392482003295   
   38   13.226474367414328   173.46699738340664   
   39   13.259270817563813   173.54499865672813   
   40   13.264607943621705   173.46579527536107   
   41   13.32653482465586   173.46855249941697   
   42   13.321592327204502   173.44882819643755   
   43   13.35659602408021   173.53937707937166   
   44   13.337339515451038   173.5492999454457   
   45   13.37543245163801   173.46862872606889   
   46   13.410422467367173   173.56243419673137   
   47   13.407506080091615   173.56177296609803   
   48   13.436885573771573   173.5351854572464   
   49   13.454505104077777   173.5490987288213   
   50   13.539937404343018   173.5335358794941   
   51   13.54853102230756   173.5591920703646   
   52   13.563465930433244   173.46026493991795   
   53   13.56220393603547   173.54165723828174   
   54   13.594714999992432   173.45090030063062   
   55   13.645512601079819   173.45316553566943   
   56   13.641139778839973   173.45639180238598   
   57   13.660831968872508   173.44531543857866   
   58   13.662395021833689   173.4669974337847   
   59   13.69770394280478   173.46733353604708   
   60   13.688780898853718   173.46621766449894   
   61   13.737169268279875   173.55526098324586   
   62   13.756567177326959   173.4543150759322   
   63   13.805927980813683   173.46476684709998   
   64   13.806730956027089   173.55656014553531   
   65   13.808220666402285   173.44219217400808   
   66   13.836737743662464   173.53279871219223   
   67   13.852157796522869   173.53802161958626   
   68   13.872452115115836   173.44000342784298   
   69   13.919323819328406   173.43403692311387   
   70   13.892858670908264   173.46029451058925   
   71   13.93543585650897   173.54456392632935   
   72   13.936396421891907   173.46301711099838   
   73   13.966358567889067   173.4366952371893   
   74   13.992941057237793   173.45761587097664   
   75   14.034197093006103   173.54044355791333   
   76   14.024310039448583   173.45800648318433   
   77   14.025451328354487   173.55571839130144   
   78   14.072046088962734   173.45437166795827   
   79   14.090352533219232   173.54114505007766   
   80   14.08300158806222   173.455593260243   
   81   14.122228055053577   173.54765649810298   
   82   14.15026538948128   173.43440540803505   
   83   14.1210929475994   173.45753048453614   
   84   14.169940723224455   173.4691773305744   
   85   14.178515509212662   173.45209977620326   
   86   14.206697249301639   173.44892520057644   
   87   14.22556279149706   173.45789728951033   
   88   14.261211067251068   173.54333706461588   
   89   14.276405998756161   173.45730290615694   
   90   14.287148183858214   173.4499787960637   
   91   14.312939794189912   173.43246022298945   
   92   14.327179470706978   173.5606647303823   
   93   14.338131557984063   173.46260464675615   
   94   14.355234159215339   173.4589298913755   
   95   14.375762610219896   173.4604938195912   
   96   14.399852589290633   173.46443139315693   
   97   14.417588777828986   173.54947221922615   
   98   14.454416700144463   173.4492283046381   
   99   14.435446409041443   173.53989326426333   
   100   14.44564989567309   173.5351390568302   
   101   14.55532303813897   173.4558268923228   
   102   14.567287662407374   173.456543419162   
   103   14.607315199240572   173.53762734535908   
   104   14.610166514298434   173.45650728213425   
   105   14.613762474222469   173.4592025450996   
   106   14.64991884993985   173.5380960085185   
   107   14.632865842455072   173.54889004795407   
   108   14.685909376717431   173.59271594601324   
   109   14.690766065804528   173.45712163647582   
   110   14.721879378430389   173.53547707558508   
   111   14.737293367737447   173.4722341694455   
   112   14.736498683685378   173.46237105544077   
   113   14.768837416037126   173.54881493755886   
   114   14.761689749992462   173.54075251987723   
   115   14.8039123261201   173.4553731927547   
   116   14.846620865676872   173.4644694832972   
   117   14.855187513329088   173.5342879908204   
   118   14.836055861770884   173.52728493369366   
   119   14.8769726970816   173.4511877182783   
   120   14.915108799401745   173.45301067630356   
   121   14.919882967731066   173.46086995324814   
   122   14.932611148763991   173.45322033757859   
   123   14.958446502335793   173.46792264903624   
   124   14.969717239166382   173.46788900857578   
   125   14.996819565683456   173.5440851907739   
   126   15.018963228192312   173.45335483609648   
   127   15.014976712983039   173.4401413127406   
   128   15.013656458024329   173.4611870172065   
   129   15.088653993085348   173.4423976182901   
   130   15.087627903053297   173.4696940582442   
   131   15.11621247883543   173.4523937141389   
   132   15.129557062948463   173.53209366426591   
   133   15.168840424935139   173.46530553629802   
   134   15.171088781811155   173.46469599259711   
   135   15.160695007688869   173.53943175885595   
   136   15.186899291905114   173.54268827742246   
   137   15.223286675801715   173.457718366268   
   138   15.225883664157966   173.54503657915578   
   139   15.269129157819316   173.52592810713844   
   140   15.261978773922646   173.53834295167658   
   141   15.317814443238127   173.45553147395864   
   142   15.338706048294409   173.5467927357183   
   143   15.353064175641165   173.54008768972946   
   144   15.33445221277808   173.4674829851537   
   145   15.406481057385465   173.44160675913113   
   146   15.366787695941586   173.53738115949167   
   147   15.413746546393146   173.4684279008207   
   148   15.437770173131765   173.46203355908207   
   149   15.43327868337205   173.4569806069767   
   150   15.450704200788344   173.56548732398113   
   151   15.5450444219452   173.5465974279029   
   152   15.574133866806047   173.54755982012165   
   153   15.572932552645376   173.56232895190067   
   154   15.600252438580164   173.44451303646167   
   155   15.616203192106976   173.54948638091832   
   156   15.64364183055227   173.4657844207575   
   157   15.678414126773529   173.542130229045   
   158   15.655272921234939   173.46471738438862   
   159   15.74073313157441   173.53632468380087   
   160   15.714528303439163   173.53799782997066   
   161   15.751482663391505   173.46402071484815   
   162   15.757798953532898   173.45817614845396   
   163   15.79879040153528   173.4622660217756   
   164   15.793955437464263   173.52657513390702   
   165   15.790894809527861   173.548369152345   
   166   15.830609154051817   173.5309244854549   
   167   15.841260352225017   173.45495393847872   
   168   15.883255993312577   173.5359461751173   
   169   15.90208317061384   173.5317465735389   
   170   15.90753683753183   173.45831405416607   
   171   15.917531021179432   173.54227390863784   
   172   15.92832829683225   173.45421983854948   
   173   15.980598762548363   173.44043526217783   
   174   15.961202158209456   173.5319766038314   
   175   15.985759034899791   173.44150101352008   
   176   15.99810435704674   173.52471321715305   
   177   16.0465059900586   173.46081264668115   
   178   16.05144796418337   173.46982074986593   
   179   16.09688905865097   173.44930855753506   
   180   16.133354213320803   173.45888730316412   
   181   16.11787577955442   173.45970725320313   
   182   16.119738793129052   173.4577970915248   
   183   16.14560317462501   173.46830873009228   
   184   16.201741740152613   173.52334044607358   
   185   16.175936356269236   173.556442507911   
   186   16.22480140228429   173.45781579861486   
   187   16.22775858786817   173.45128264747436   
   188   16.268354784560238   173.43843345558284   
   189   16.24329350162408   173.46998141148998   
   190   16.276105083142713   173.52937865731482   
   191   16.30549202773652   173.53160916569362   
   192   16.318108636901165   173.5508652517444   
   193   16.323599251772563   173.45929429944832   
   194   16.34281840481602   173.53726682364328   
   195   16.365048703481815   173.459698864238   
   196   16.39241342464941   173.5455493536321   
   197   16.42148104255688   173.53174117187666   
   198   16.415125106451153   173.44468299343677   
   199   16.436695763895013   173.54677464316532   
   200   16.458898451530207   173.55002059483962   
   201   16.550416957705743   173.4660029993409   
   202   16.572653226741135   173.4555563145552   
   203   16.589921129299043   173.54526347256225   
   204   16.595979996912924   173.54299289860018   
   205   16.625847890778836   173.5475943753253   
   206   16.635493413448494   173.45980945775838   
   207   16.654600516490195   173.53541650967676   
   208   16.707140118320414   173.55551979111888   
   209   16.69392303320047   173.5280482410986   
   210   16.711952393807152   173.52649521720747   
   211   16.736618104222234   173.5503106370329   
   212   16.74248890676122   173.5423421469094   
   213   16.77212821939078   173.44895968756146   
   214   16.777861682293658   173.4466159031951   
   215   16.822243388655107   173.45350069664087   
   216   16.82968294027643   173.42951941533298   
   217   16.84652169201347   173.47103335634338   
   218   16.886302387514416   173.4535998750953   
   219   16.890634543632608   173.53610376881502   
   220   16.914626021111378   173.54603742402313   
   221   16.939329698617858   173.44476651456384   
   222   16.945873830267214   173.5278325536245   
   223   16.946207870558364   173.5279105503211   
   224   16.991622148695747   173.44508197936682   
   225   16.99903592760188   173.54259830939196   
   226   17.02514775862419   173.43893075383292   
   227   17.028716591683107   173.46081721129505   
   228   17.08712487197999   173.5452212225242   
   229   17.04805327704196   173.46031904100656   
   230   17.13168243257315   173.53291253597084   
   231   17.068437510946456   173.4401973866914   
   232   17.144936181523068   173.53640587796625   
   233   17.136594695757132   173.4294758489884   
   234   17.184040099289795   173.46659340503447   
   235   17.188902450413682   173.53755350636573   
   236   17.19665360723673   173.5359749227332   
   237   17.24937274509052   173.46215883824595   
   238   17.239488965274642   173.46156932345505   
   239   17.25463036143919   173.53736907700846   
   240   17.303986557085096   173.53013689632064   
   241   17.283794531475923   173.42474827149317   
   242   17.310831582911256   173.4387553479828   
   243   17.336278333948684   173.54570480940853   
   244   17.359846810060628   173.45707127009874   
   245   17.38643052438915   173.5367243896215   
   246   17.400052926038935   173.54455540100457   
   247   17.411568732357974   173.46255336842998   
   248   17.432142639237867   173.55389242489596   
   249   17.44439705589851   173.54273982906227   
   250   17.541090993006677   173.55645034877085   
   251   17.554169153368974   173.53781301948464   
   252   17.571544295755352   173.53696526425688   
   253   17.583660151487223   173.4550655816443   
   254   17.600965289500795   173.53950651504277   
   255   17.620155037753587   173.54878892211605   
   256   17.645369921982724   173.528222813094   
   257   17.658887945849962   173.53628376520558   
   258   17.692276929322887   173.537169915615   
   259   17.69387053392401   173.43581908405923   
   260   17.718938299692017   173.53276969430868   
   261   17.734195893421425   173.55451273356346   
   262   17.740824807354123   173.5366093832231   
   263   17.77660203330645   173.54496897452506   
   264   17.802583364309427   173.5261423123446   
   265   17.818877262980642   173.5437520062649   
   266   17.8425091441361   173.46305676838924   
   267   17.84678451662588   173.42884964996546   
   268   17.841260270328515   173.46106334289243   
   269   17.873269027913096   173.55639552481696   
   270   17.893156998369147   173.53682472715977   
   271   17.916293370132212   173.5465392633386   
   272   17.941383341073355   173.52952026613565   
   273   17.97250719060674   173.54433876347784   
   274   17.9975184334016   173.4698900063424   
   275   17.993697788701724   173.44542069355703   
   276   18.00338920324464   173.53449060579516   
   277   18.048017152006206   173.55293538265764   
   278   18.043069040323765   173.5379096645307   
   279   18.099883965754707   173.53877005999885   
   280   18.06457006024122   173.56293764589762   
   281   18.09561860801576   173.53789080999434   
   282   18.137944469060848   173.53309996100202   
   283   18.1549646121061   173.45772489239283   
   284   18.138647717290368   173.54532300007688   
   285   18.217807120039897   173.53514836568655   
   286   18.162336517743768   173.55282026036312   
   287   18.232206869813805   173.53602097442212   
   288   18.22603727303343   173.5433852162482   
   289   18.25092157801086   173.53000840822097   
   290   18.272252859382583   173.44289885470886   
   291   18.298261229737566   173.5362841927035   
   292   18.298899022901992   173.546795099601   
   293   18.3259506483786   173.46170025775885   
   294   18.33584332242589   173.53723728250716   
   295   18.342317442237302   173.53139976768645   
   296   18.36601736295974   173.45453666540075   
   297   18.400997082352685   173.45455959738837   
   298   18.43366463027568   173.5319319306411   
   299   18.45196189407772   173.5512747630473   
   300   18.459626106700703   173.5445759045949   
   301   18.454368506471067   173.53838633154803   
   302   18.5541065039616   173.43855423516183   
   303   18.58512687605253   173.5321940352433   
   304   18.59630747834321   173.54408669285246   
   305   18.607105855876508   173.55411186539519   
   306   18.613506655223915   173.55845204962597   
   307   18.6614148890146   173.4619045817843   
   308   18.693443987237067   173.44571679586753   
   309   18.705212267694737   173.53751350548913   
   310   18.700432933098693   173.54303789632604   
   311   18.739566527065584   173.5342685348922   
   312   18.760920627344067   173.45127255455793   
   313   18.73725083573366   173.465118684591   
   314   18.800192557487396   173.53924459892647   
   315   18.813321175832904   173.46366097823676   
   316   18.822866879819777   173.451356722578   
   317   18.873637803964133   173.4514484679042   
   318   18.862013474079287   173.4602416601333   
   319   18.858509559955134   173.5459903428792   
   320   18.907765437239714   173.4637550826459   
   321   18.927516487303414   173.4516292600455   
   322   18.9476475128539   173.54346434620513   
   323   18.973454087714146   173.4585593448485   
   324   18.983600642207797   173.45665763793886   
   325   18.977526895126108   173.45714597096622   
   326   19.000319540645183   173.4667574864055   
   327   19.056129823778818   173.43520559408697   
   328   19.056766833916747   173.46624794096562   
   329   19.078468611381837   173.5356532140045   
   330   19.100787192523285   173.53545086753215   
   331   19.129164974029994   173.44692850762647   
   332   19.118991451268627   173.45292368256702   
   333   19.160553552921744   173.4663442535319   
   334   19.15848932707022   173.5484346042426   
   335   19.197123622386204   173.53873577625868   
   336   19.216137529756658   173.45869274957923   
   337   19.24087816667181   173.53910038287515   
   338   19.247411809514453   173.5307333030248   
   339   19.274776710508707   173.54189541125368   
   340   19.266249101593626   173.54372952117322   
   341   19.279359454019975   173.43475008358146   
   342   19.31052083974369   173.46309531863957   
   343   19.349183429953353   173.53239857803797   
   344   19.371473401239786   173.53278635658634   
   345   19.366649152596455   173.45856381949312   
   346   19.385973425668926   173.54861105513214   
   347   19.3886451263548   173.45194818010202   
   348   19.420614409429948   173.45295751794745   
   349   19.433800561769328   173.44114041816238   
   350   19.45711130113774   173.4592426351206   
   351   19.547610564195704   173.4411901826288   
   352   19.575076435739504   173.54396257492274   
   353   19.565436696748687   173.45856036212328   
   354   19.60119371003363   173.55002332886917   
   355   19.601524072190006   173.54498411152056   
   356   19.6532308323306   173.53947958390168   
   357   19.671004245608493   173.44577531692735   
   358   19.678608229203917   173.54073780280507   
   359   19.702070534337714   173.55201822743152   
   360   19.729964442096968   173.46165274879806   
   361   19.720509978372636   173.55514215492266   
   362   19.744661152736235   173.4537089429055   
   363   19.79523343544697   173.4563383940816   
   364   19.800685754416037   173.45049141400204   
   365   19.80849355689666   173.4513030281482   
   366   19.850180316569126   173.46339908584096   
   367   19.855149723847997   173.54324929257552   
   368   19.905015913103217   173.56701811924282   
   369   19.918244768295423   173.56806102025192   
   370   19.890607055893113   173.45717826870703   
   371   19.91602281366903   173.53192235827856   
   372   19.94943997946847   173.53884792153548   
   373   19.96707894682258   173.5336797690183   
   374   20.011501899907174   173.45848885330037   
