   0   12.551743676274606   104.55779074575213   
   1   12.545080773346363   104.53905456983225   
   2   12.56167199741656   104.54508701535644   
   3   12.58416916542746   104.55132745384218   
   4   12.584770994271683   104.45392832262323   
   5   12.628495729612096   104.45596059121712   
   6   12.641868634966462   104.54166867494882   
   7   12.635989748521308   104.55229740637152   
   8   12.659777421361758   104.55017740525433   
   9   12.719429140154167   104.45295237430902   
   10   12.715125950092931   104.46392134425582   
   11   12.747345403333815   104.4574912038601   
   12   12.765055465744657   104.46382239833673   
   13   12.750945661089515   104.46434308217306   
   14   12.786045764069215   104.46060853013881   
   15   12.819947045267813   104.53026115497724   
   16   12.84056303151657   104.46257208805581   
   17   12.861739577171534   104.449784299165   
   18   12.891958189922446   104.541497750734   
   19   12.879653943582179   104.55837045079467   
   20   12.895945149879662   104.53474981110062   
   21   12.898080344684352   104.46433009284199   
   22   12.936812331268047   104.53699547515293   
   23   12.943331904131414   104.43936645586597   
   24   12.964801621519923   104.45350401738372   
   25   12.969901924394344   104.54931602621232   
   26   13.03284929530687   104.53524987998986   
   27   13.024824785456005   104.5406866844541   
   28   13.041512324800518   104.53595293787525   
   29   13.084958447008223   104.5380038199802   
   30   13.070554666616976   104.52841375679604   
   31   13.105579354419838   104.46265238997266   
   32   13.1501356174679   104.46093837983396   
   33   13.151577553422538   104.46295214716366   
   34   13.12629507410394   104.46124915995746   
   35   13.208976688120234   104.53290504427888   
   36   13.203089783006742   104.55862280882371   
   37   13.268573594431162   104.54533865237421   
   38   13.254831592264438   104.42759231410659   
   39   13.241281655563197   104.53259744668287   
   40   13.257576774365198   104.53263402497345   
   41   13.287818647889772   104.43721124019804   
   42   13.33275316482765   104.46828168775595   
   43   13.331746172645818   104.5482433580101   
   44   13.357641184154147   104.44041127318164   
   45   13.386307033617136   104.45706199568235   
   46   13.392121000510167   104.45037395221948   
   47   13.392235924857049   104.45858127768838   
   48   13.424925507717242   104.54353449691891   
   49   13.462843765139686   104.53787653971226   
   50   13.449895523476112   104.54717326968176   
   51   13.560816347275248   104.45069444548552   
   52   13.581567025563148   104.53871894468487   
   53   13.582423634650116   104.44551743030891   
   54   13.592040777895061   104.44481905277372   
   55   13.637161406648449   104.45535693834626   
   56   13.634947586320397   104.46497142273749   
   57   13.674124542765085   104.44291999098085   
   58   13.682107189789493   104.55487019934468   
   59   13.701769717874415   104.53802223571984   
   60   13.680183019812457   104.46374736047062   
   61   13.746398424783552   104.45424033976786   
   62   13.756883431200459   104.55248097185473   
   63   13.751960015883668   104.54591347485761   
   64   13.792239147963882   104.5372589607753   
   65   13.795614111493277   104.46134670500017   
   66   13.827992542086704   104.54486691063137   
   67   13.826488408787561   104.54063992516805   
   68   13.866973068495733   104.54065334824647   
   69   13.909669631261325   104.53651794578616   
   70   13.87373049491384   104.53267744324899   
   71   13.94678070342735   104.55121369551362   
   72   13.951016778221161   104.44895432393146   
   73   13.965145474352928   104.56662592676099   
   74   13.98080384794248   104.53202328945382   
   75   13.979313696988998   104.46897034135786   
   76   14.032969024419646   104.55549831234187   
   77   14.020602005132856   104.45490405736484   
   78   14.081979398059607   104.45746149246891   
   79   14.053375009726834   104.54958136523881   
   80   14.085894929423038   104.55919339434833   
   81   14.102563270933778   104.53552088496677   
   82   14.129513754189729   104.45735151221838   
   83   14.144717448598712   104.53624209941722   
   84   14.162755522095928   104.46560011989888   
   85   14.194324382579591   104.45837850933816   
   86   14.179226037050718   104.53739994622515   
   87   14.230970444711671   104.44878803657798   
   88   14.231818460444956   104.45147030466218   
   89   14.273030141788022   104.52351383528318   
   90   14.276697093005353   104.53859608170042   
   91   14.309910576880121   104.53359702173934   
   92   14.29074320550642   104.43886080011274   
   93   14.331350786763963   104.45126797323981   
   94   14.34614483049756   104.53013778915775   
   95   14.398857876165343   104.44395991505996   
   96   14.387020178796273   104.54804068384188   
   97   14.419247651747611   104.54552748264021   
   98   14.431234931705108   104.45231543438106   
   99   14.458786035690645   104.54678417716161   
   100   14.44481735707042   104.44085497410309   
   101   14.541941656324322   104.44779209324325   
   102   14.55354304712112   104.44732680639169   
   103   14.609434368761928   104.53537619947132   
   104   14.622394988357392   104.46073899570311   
   105   14.626164043108478   104.54288493415363   
   106   14.621607596868222   104.53318273478278   
   107   14.674593167822554   104.45079318298112   
   108   14.665486354306166   104.53869798569673   
   109   14.748277316350235   104.5340625917357   
   110   14.750414482331015   104.53205012747807   
   111   14.750372058172804   104.52615100266148   
   112   14.738619328552529   104.46593354794392   
   113   14.761473227991178   104.54566313545888   
   114   14.798329037546315   104.46032243559966   
   115   14.801058206575712   104.45600590870205   
   116   14.869390779488947   104.45944693224382   
   117   14.84330957320886   104.52686224825054   
   118   14.866883370183483   104.46245886257739   
   119   14.88309045710645   104.4470652579943   
   120   14.917413734930134   104.5458076280177   
   121   14.936834001568219   104.53842269767598   
   122   14.95870665794792   104.55185128452962   
   123   14.968825836764916   104.5491080492168   
   124   14.946358648451767   104.45771864743134   
   125   15.01719247941057   104.45943435795851   
   126   15.05518526218341   104.54529459595375   
   127   15.023081816993502   104.44947809636015   
   128   15.034436991215577   104.53962482160958   
   129   15.04385615196462   104.45172906444799   
   130   15.099591736580184   104.4645125605128   
   131   15.106491322850447   104.53470479905901   
   132   15.127890958543425   104.45807978327825   
   133   15.134052573881426   104.54286881005487   
   134   15.154797332761222   104.4561279725923   
   135   15.184237218842119   104.4517366011283   
   136   15.199407979333108   104.54775719223886   
   137   15.210757084638667   104.46569028765074   
   138   15.248066271954917   104.46422985418332   
   139   15.24980951483561   104.45741008582074   
   140   15.30021990868072   104.53569287735893   
   141   15.291644068646683   104.55765755221137   
   142   15.29419841034902   104.45346465080779   
   143   15.354143890567443   104.56168453009468   
   144   15.362934196878419   104.4466463212652   
   145   15.376701139481238   104.44079525264826   
   146   15.39220862478533   104.45816223933959   
   147   15.403956714674008   104.44502311022882   
   148   15.42420034694356   104.54127331229039   
   149   15.445305240344387   104.45866380315996   
   150   15.45155778621424   104.43361206169284   
   151   15.538989696829029   104.45131908425218   
   152   15.565633963239785   104.53507198779293   
   153   15.589799645398408   104.45627538377005   
   154   15.622019362509054   104.54785647277494   
   155   15.605585073324187   104.45152745527872   
   156   15.615597925398964   104.45564263617659   
   157   15.65922644479212   104.55497938348717   
   158   15.667417308515814   104.46609144896392   
   159   15.706767695070864   104.45524149022144   
   160   15.699298201969514   104.46929251126316   
   161   15.739358071958968   104.52989399487902   
   162   15.754936002810004   104.46389590416034   
   163   15.777847933992774   104.53756699121219   
   164   15.787239823694835   104.54867614914943   
   165   15.816651520313565   104.5379191868523   
   166   15.848747058241326   104.53445527483848   
   167   15.847974886209032   104.55778354499937   
   168   15.863779826041364   104.55567590725575   
   169   15.881470013797728   104.55216808864108   
   170   15.913726878752241   104.52987183742964   
   171   15.940968548365749   104.53753478950705   
   172   15.941999126439066   104.46636693128636   
   173   15.965994492327924   104.46138758533907   
   174   15.965484661152002   104.53226000283516   
   175   16.01035070108692   104.53356416641829   
   176   16.01158999901293   104.45478891129603   
   177   16.020417894419154   104.46335984410955   
   178   16.03803772353052   104.55004149751646   
   179   16.074933726334393   104.54327250690523   
   180   16.117897074208894   104.45007179127539   
   181   16.11802547824485   104.55526831579937   
   182   16.122841397862068   104.54434679517084   
   183   16.164055118531188   104.54368147064572   
   184   16.15476674666886   104.43772681859811   
   185   16.178638880599877   104.52777105932617   
   186   16.20113947032495   104.45569904820249   
   187   16.257734647386776   104.43408787972345   
   188   16.270210639500505   104.45977330077821   
   189   16.25152337356795   104.5398662943381   
   190   16.298658901242412   104.44996328663746   
   191   16.311774494884585   104.53772379600886   
   192   16.296642397324696   104.54323691122376   
   193   16.351681816691098   104.54226828570954   
   194   16.35623136220683   104.46119438268084   
   195   16.369296004431142   104.45825584155945   
   196   16.394853114911225   104.54095812156915   
   197   16.41956122274645   104.4527290104462   
   198   16.436272547136717   104.45492065157349   
   199   16.4582809812718   104.55979931755147   
   200   16.561519635223497   104.53190841042903   
   201   16.558888614251735   104.54729104112806   
   202   16.5592602294613   104.55996311629265   
   203   16.587694769109   104.54368950120097   
   204   16.582722691078306   104.5416185090236   
   205   16.61392416749414   104.54471124049883   
   206   16.612240028497993   104.53333780233206   
   207   16.681082662985723   104.45594102374478   
   208   16.69262641165566   104.54351441462737   
   209   16.71212390482962   104.5535109097476   
   210   16.73624553254316   104.45620921152734   
   211   16.732867745770445   104.43147867531677   
   212   16.7330244061184   104.46735363113937   
   213   16.742736264942582   104.45670897141743   
   214   16.79804173532578   104.52992832713414   
   215   16.80109291820468   104.53686580031726   
   216   16.82756069122606   104.5325048661924   
   217   16.833597929655376   104.42732294663637   
   218   16.867433400353192   104.4664790524229   
   219   16.89659816417021   104.45535342803262   
   220   16.893444578609607   104.53656008719359   
   221   16.941563906992943   104.53583567591386   
   222   16.921591971185425   104.54221218329243   
   223   16.98842916146238   104.53255856748319   
   224   16.991770425984868   104.54723315695061   
   225   17.01314108800923   104.45368301239772   
   226   16.998866617451498   104.54668586235137   
   227   17.024947220341183   104.53309401196256   
   228   17.051960220313997   104.5408871383585   
   229   17.053086953215004   104.5400254421097   
   230   17.074509221170022   104.46159145793044   
   231   17.109478408656532   104.54257900320717   
   232   17.132646042303733   104.54004241354848   
   233   17.133643949262595   104.46609549822693   
   234   17.17204305599466   104.4593469489622   
   235   17.203250784202194   104.43345007886047   
   236   17.190469310478868   104.53433161333503   
   237   17.20399888697602   104.4620080463443   
   238   17.23454902208924   104.55158696269615   
   239   17.276386864474077   104.55224271288044   
   240   17.293812090755505   104.466422526325   
   241   17.28258357744489   104.5351527771363   
   242   17.324770237373965   104.55818122179018   
   243   17.35136040788064   104.54746207638472   
   244   17.374489945805617   104.56898166076952   
   245   17.394087511617016   104.45124758928365   
   246   17.398695611445664   104.46471443798765   
   247   17.39561177872598   104.45077011605402   
   248   17.422193102547432   104.45767724259774   
   249   17.433382935367813   104.45080618969313   
   250   17.461372542819706   104.44967093914943   
   251   17.550655694713853   104.54974687196858   
   252   17.587594018302465   104.45715956634264   
   253   17.60418281564861   104.5525347480317   
   254   17.57677900889114   104.4530633167394   
   255   17.62535439206246   104.54244161818096   
   256   17.64422007818358   104.44400975804645   
   257   17.66020020062482   104.53906482506858   
   258   17.691935991692517   104.45220077417669   
   259   17.703793772164108   104.44652885553144   
   260   17.724375780443133   104.5366178328876   
   261   17.732470395495966   104.44387251564567   
   262   17.750973361198785   104.56449753274858   
   263   17.782606460364455   104.5395296999399   
   264   17.805429632183444   104.45412536616301   
   265   17.809148659525103   104.44772979158594   
   266   17.819874844949123   104.54513484131392   
   267   17.861927248281738   104.46335935398704   
   268   17.887708443686726   104.46711904429627   
   269   17.87610869368888   104.46807653554416   
   270   17.89615712888956   104.56365286352148   
   271   17.943038441085584   104.52662265608078   
   272   17.941840780456946   104.4347898895999   
   273   18.00288395071404   104.55560019040959   
   274   17.954941854246645   104.44677565194164   
   275   17.973022188707773   104.43993333666276   
   276   18.011249092719275   104.46405340153756   
   277   18.011411247501698   104.55773566777843   
   278   18.041779081946373   104.54953456668893   
   279   18.069179350868616   104.56971566322686   
   280   18.099157682304003   104.46061473268473   
   281   18.08180706468166   104.45417544801501   
   282   18.12278540734161   104.46027159465781   
   283   18.123630557469195   104.54261092942474   
   284   18.16397617476888   104.5286685342808   
   285   18.22202042712116   104.53923102423228   
   286   18.21373956229187   104.44794159909543   
   287   18.230931845969074   104.5467017230534   
   288   18.23304397262829   104.53613176139791   
   289   18.25996243952217   104.4589658984991   
   290   18.2934119464207   104.53956595604397   
   291   18.29850924488175   104.45979854036092   
   292   18.326725774121297   104.4622227926549   
   293   18.35758810649741   104.5357050369245   
   294   18.355982169399454   104.44186200444838   
   295   18.381172796402637   104.53853331886516   
   296   18.410597466551252   104.54899582268422   
   297   18.39686436060755   104.46445179893115   
   298   18.41927830021567   104.55198169618636   
   299   18.43139677850207   104.54629517012933   
   300   18.45002105566131   104.45366864078021   
   301   18.569683204173998   104.46397195627598   
   302   18.562391676544408   104.53834460339395   
   303   18.608165974162237   104.44115690390792   
   304   18.58839835671532   104.45695338763629   
   305   18.592941635605744   104.44909358338575   
   306   18.634584596348876   104.53485300765047   
   307   18.68343069750546   104.43981127372346   
   308   18.694087583223   104.53410639881993   
   309   18.674892689229914   104.45209780195357   
   310   18.72484830709667   104.55708305783992   
   311   18.70976643256072   104.53934086889024   
   312   18.736396582885153   104.56125588771084   
   313   18.77447007522945   104.5609780209927   
   314   18.769962387220932   104.45049159113104   
   315   18.822027485662222   104.5437629085657   
   316   18.81635055402357   104.53893926862767   
   317   18.882840143336413   104.45921919702172   
   318   18.85767166651468   104.53370267027974   
   319   18.885634074214604   104.53697841855431   
   320   18.905419428774064   104.54461596268892   
   321   18.936820072310834   104.532921817194   
   322   18.96227397020385   104.53745828173912   
   323   18.97161178229951   104.46810894594425   
   324   18.97832373865009   104.53467197067643   
   325   19.01512291520586   104.47115498769756   
   326   18.996417441043604   104.53348009359986   
   327   19.013415980167714   104.4610957631033   
   328   19.03517152673522   104.46003151716985   
   329   19.06802160973261   104.45459911318659   
   330   19.07292618215134   104.53435902051818   
   331   19.098655352790157   104.53627798100794   
   332   19.148733779925664   104.55063367132745   
   333   19.15344197493398   104.54062746016038   
   334   19.155029278478434   104.43600526257596   
   335   19.186182235466894   104.55432865533466   
   336   19.204773623638385   104.54674961831418   
   337   19.21777062776355   104.46773462226503   
   338   19.27605285600371   104.45485946010974   
   339   19.266872326999803   104.55551754607353   
   340   19.312079833593046   104.46583335044633   
   341   19.283103289132242   104.5680369681145   
   342   19.343837559750412   104.54082258486571   
   343   19.33825838861978   104.46440948087118   
   344   19.365985588824568   104.538357822205   
   345   19.366786045305513   104.45964910532025   
   346   19.3932702781725   104.55506646918177   
   347   19.400964793236987   104.53042523019208   
   348   19.437169374485613   104.53806600318808   
   349   19.450318749156175   104.54778831105236   
   350   19.45223811958326   104.5374303318572   
   351   19.457943817123702   104.5448820862441   
   352   19.57041509706134   104.45005093289579   
   353   19.61027230810457   104.45178316053638   
   354   19.60450016018778   104.46670533678842   
   355   19.621077682247734   104.54315329046287   
   356   19.647763606370543   104.4599308427349   
   357   19.66740726579645   104.53450692585062   
   358   19.679146471012334   104.5445158391978   
   359   19.691935028976328   104.54229798271643   
   360   19.73628161683991   104.46829538969949   
   361   19.714988893815672   104.53108490176993   
   362   19.748632282951334   104.44562273198926   
   363   19.795377855710647   104.46786494750886   
   364   19.75312492817562   104.55244454656219   
   365   19.814486467314726   104.53504055977429   
   366   19.850442420069353   104.4577535787053   
   367   19.854847475096115   104.54749769044597   
   368   19.872894770466644   104.54198372405385   
   369   19.878682423608836   104.47037795156396   
   370   19.910953662112433   104.53500227600497   
   371   19.907491051768353   104.53585540036734   
   372   19.951292946329982   104.53957483233022   
   373   19.96865075136592   104.56775844974376   
   374   19.98030424867502   104.54368995502004   
