   0   12.545194668101033   58.44976433760942   
   1   12.563716057959766   58.538483460059645   
   2   12.56294350123261   58.462281588354244   
   3   12.562864071818836   58.461442426203085   
   4   12.58690775756222   58.44587647198185   
   5   12.607522694131639   58.54765477034046   
   6   12.631268541408188   58.550460368802085   
   7   12.667806405091115   58.462856686152804   
   8   12.661828788452697   58.44840884847795   
   9   12.687761527620056   58.46089034805542   
   10   12.707737894686261   58.54480658044851   
   11   12.73302328830588   58.534222312367014   
   12   12.771960515244785   58.54904525526716   
   13   12.75871118672815   58.55553835327867   
   14   12.78268454999695   58.46572347507307   
   15   12.829180698542965   58.461553232622514   
   16   12.840431469072072   58.47533878167266   
   17   12.847873409415751   58.5345594271872   
   18   12.872308995373642   58.529444288287614   
   19   12.889965986948624   58.45322616904481   
   20   12.928885231267364   58.53148675583348   
   21   12.928526597577315   58.46256524106091   
   22   12.947806287812684   58.531483115530705   
   23   12.986301759827196   58.52987526258854   
   24   12.988587412567146   58.54496331461157   
   25   12.973000461273351   58.54665689688873   
   26   13.009174570161443   58.52707113148913   
   27   13.047063613237931   58.470593586304986   
   28   13.055960625141948   58.548170048801744   
   29   13.045914720666978   58.45524595190172   
   30   13.089268050046435   58.54401036223108   
   31   13.090017195665803   58.445557195843385   
   32   13.144850566910963   58.47113977524387   
   33   13.163932647713265   58.43910299599109   
   34   13.172254728410211   58.55833496416101   
   35   13.188955852260552   58.54348358549705   
   36   13.201943319360467   58.46997751343883   
   37   13.211298637553929   58.459344194028304   
   38   13.21394397450809   58.54182942401006   
   39   13.248135671138227   58.54824212642812   
   40   13.292499142877949   58.434053292066096   
   41   13.311340589337492   58.45344584206635   
   42   13.304886970012983   58.45766661711122   
   43   13.364148207543   58.538463106551276   
   44   13.38071231898869   58.448790789028095   
   45   13.372389095871329   58.45592957458585   
   46   13.404570667347873   58.454037666761764   
   47   13.385442098174153   58.45374233809315   
   48   13.416711722959697   58.5597058310083   
   49   13.409266326884836   58.560381546776455   
   50   13.538792713491928   58.54783945189244   
   51   13.455417976920401   58.45559119761615   
   52   13.568479286611598   58.55004096922408   
   53   13.56746111041531   58.53477581984653   
   54   13.599937590758536   58.45019075653654   
   55   13.641725699666857   58.55113805515664   
   56   13.628541947519313   58.54681784097639   
   57   13.665425433408645   58.438991553216255   
   58   13.682702848265983   58.52706848029316   
   59   13.69606530536184   58.46128210072136   
   60   13.711011615585159   58.53806125590915   
   61   13.739863842245835   58.52490805041691   
   62   13.75056323187427   58.46615832919841   
   63   13.760845881264956   58.54281093309678   
   64   13.798619488845471   58.45484116509304   
   65   13.847399846747386   58.43384184169985   
   66   13.820801448390737   58.44891060951565   
   67   13.865594696045571   58.53086760080486   
   68   13.854406799050977   58.43984787283571   
   69   13.900401208881219   58.463784742390864   
   70   13.887136700544117   58.43752703626136   
   71   13.89809529356291   58.43788215033932   
   72   13.929808137644692   58.467254430993556   
   73   13.957140851064922   58.462984091651414   
   74   13.950205561769835   58.54360223549467   
   75   14.011343971840377   58.44720242024563   
   76   13.994945218939307   58.44843094693803   
   77   14.021825752743137   58.53726302099607   
   78   14.055511544602611   58.46424038787171   
   79   14.079651511226777   58.44832030103455   
   80   14.078745521129965   58.47059166260614   
   81   14.093576454168478   58.44269156860973   
   82   14.131324635425168   58.457706683237916   
   83   14.15865206101805   58.46423591700537   
   84   14.200492697019543   58.44879216716425   
   85   14.191273871291495   58.45467973306276   
   86   14.207426308336846   58.464843821625365   
   87   14.212500111890288   58.45384612836767   
   88   14.233543422503812   58.543951468814264   
   89   14.252104032734946   58.4439031634995   
   90   14.292913455044658   58.55330699052941   
   91   14.301607860017011   58.54778586476475   
   92   14.315519694990027   58.445401717882966   
   93   14.342265829382281   58.55367505923045   
   94   14.355856721489781   58.45959959663886   
   95   14.344585535960348   58.4339938225939   
   96   14.391802942084997   58.46492998806327   
   97   14.42130315889383   58.45914513330264   
   98   14.449226530334581   58.5428508400058   
   99   14.446889024192867   58.54415019472217   
   100   14.450818603306454   58.53256109158486   
   101   14.561029677824722   58.54741829494467   
   102   14.576761012425488   58.550110131161205   
   103   14.585020889671313   58.439897529930604   
   104   14.60946999509588   58.42473493463162   
   105   14.616707416541756   58.443498728377655   
   106   14.645220178382313   58.544889331129724   
   107   14.656728965224744   58.53511209412035   
   108   14.698692813110071   58.5527788882972   
   109   14.706553229031446   58.52824173691259   
   110   14.746099156925503   58.54364191679825   
   111   14.737465630214103   58.553697669949514   
   112   14.737486780950078   58.532142196428694   
   113   14.782184718913697   58.45279952986058   
   114   14.798238205341653   58.46515606138742   
   115   14.811478533194085   58.43247237689896   
   116   14.838864331911664   58.442151772311504   
   117   14.883589925286586   58.43408983947158   
   118   14.86993677660159   58.455006652837326   
   119   14.892129396753269   58.467449015458456   
   120   14.899979032453315   58.55555532388395   
   121   14.930585248341737   58.460511405699   
   122   14.93487719569973   58.5428019000151   
   123   14.958925974443375   58.454722652426945   
   124   14.977795657179813   58.4546592545637   
   125   14.97619337898439   58.5471473477379   
   126   15.001299466230885   58.4460158157403   
   127   15.035503269100149   58.55940720733195   
   128   15.03998458497371   58.453745459314504   
   129   15.087703244492888   58.47490020020153   
   130   15.097575550905843   58.52691104708339   
   131   15.126487557897502   58.46735962087968   
   132   15.144704099521686   58.55463798205713   
   133   15.143589301731858   58.465016198110874   
   134   15.157756043346538   58.538396516296714   
   135   15.17806106089035   58.53536866733665   
   136   15.234960924349153   58.44863781453157   
   137   15.223044893997407   58.54291311861634   
   138   15.254373236456699   58.535171004262494   
   139   15.265595600138356   58.45197220069378   
   140   15.299219754067273   58.44838901371004   
   141   15.3109327311307   58.44754849065733   
   142   15.304941406942135   58.46173102265012   
   143   15.330868489188648   58.448105606454185   
   144   15.363863491603315   58.4571163751083   
   145   15.386702786215858   58.56246243306114   
   146   15.395173805435219   58.46095862003856   
   147   15.418420381199514   58.53394041841928   
   148   15.438112243441307   58.456065892436094   
   149   15.457725011223982   58.460464821459496   
   150   15.552900515046847   58.45169305126085   
   151   15.55564608449615   58.554794227816124   
   152   15.570756718740576   58.56545614886091   
   153   15.580549181317686   58.43450499326065   
   154   15.601660571539377   58.535792321566724   
   155   15.590044498055564   58.4559814894847   
   156   15.6342584502855   58.4484456832858   
   157   15.636392944991394   58.535792408946186   
   158   15.682573282188558   58.44388657166813   
   159   15.702179477006064   58.541771136981026   
   160   15.688556940385215   58.53259563214617   
   161   15.716956416754176   58.46125176115746   
   162   15.762217711652596   58.46497644966966   
   163   15.73645746782549   58.551607572877046   
   164   15.770524651796675   58.45875551398147   
   165   15.822712907012384   58.44678855764868   
   166   15.811890697330846   58.44884431496383   
   167   15.833030047160545   58.546099557367974   
   168   15.855960500213106   58.46308096841331   
   169   15.891370682742805   58.547224255139874   
   170   15.89401065400586   58.53029895848308   
   171   15.935629716892086   58.526495891620684   
   172   15.933303615502735   58.45440521899613   
   173   15.968301089270081   58.449685222588975   
   174   15.975398550064817   58.46433418367815   
   175   15.987547462735254   58.47466935344822   
   176   16.020739088462594   58.46295087972444   
   177   16.031199377849557   58.54463319286426   
   178   16.063929669290715   58.53697595882207   
   179   16.07407553558215   58.54476079793239   
   180   16.097524065587127   58.46554184341931   
   181   16.10169919267297   58.453296275689034   
   182   16.12679260127534   58.45500312532121   
   183   16.129508079633517   58.45470255243428   
   184   16.164824307135873   58.545483460724604   
   185   16.172269724086977   58.538695747307294   
   186   16.234713895292103   58.46424879931014   
   187   16.236826587249016   58.435666774558264   
   188   16.279179093828883   58.45791009712788   
   189   16.26425593065749   58.533114173443025   
   190   16.280180328037925   58.53254067146561   
   191   16.338160728345112   58.454240286573835   
   192   16.33206238494956   58.543871763246024   
   193   16.35558703409664   58.45017159520635   
   194   16.371395880123963   58.54987639714761   
   195   16.34787729663341   58.44490235220756   
   196   16.378813995466196   58.444178141468285   
   197   16.42141674434789   58.544945545211874   
   198   16.413272129751707   58.454566326836414   
   199   16.44728298338909   58.55868866066271   
   200   16.45348658769089   58.53819239840266   
   201   16.455997939289976   58.46709210773514   
   202   16.545114783600233   58.553718694627136   
   203   16.584366366492958   58.542360905957985   
   204   16.60275925486876   58.449714816290495   
   205   16.620411809436053   58.55764038258573   
   206   16.610624832243243   58.44431160533151   
   207   16.68054700320584   58.45585450010453   
   208   16.682795270820815   58.5564088434037   
   209   16.70066690817025   58.539090224557654   
   210   16.700625954707217   58.54750763249632   
   211   16.731772889815712   58.44822418255249   
   212   16.74375668308678   58.53452677935503   
   213   16.756084265576064   58.457983018612   
   214   16.824732858186604   58.43973173696816   
   215   16.799106702278838   58.46461114421768   
   216   16.849186992072333   58.45353889118953   
   217   16.842280120863876   58.42701304153969   
   218   16.860522591123637   58.468684790399514   
   219   16.87015933940278   58.53322281118254   
   220   16.91495478798154   58.541846301757616   
   221   16.933347088544217   58.56071748922227   
   222   16.942399017227423   58.44459761113501   
   223   16.971236329881954   58.551447849610945   
   224   16.98116081836643   58.53584458567258   
   225   17.0152710300348   58.548712028267005   
   226   17.01218326247013   58.54463632306484   
   227   17.042601738191806   58.46597822576619   
   228   17.037338136968597   58.53830974215036   
   229   17.089028705406474   58.46134604561482   
   230   17.07708504915854   58.53438137557026   
   231   17.111676531973647   58.5296322633438   
   232   17.151975714046667   58.542011113977765   
   233   17.13759703501583   58.45917829173965   
   234   17.18202323846154   58.4627438264782   
   235   17.186984988333858   58.52587262869604   
   236   17.235734619822523   58.460586151883746   
   237   17.210892422224127   58.46458015374234   
   238   17.235875049432238   58.45810237064434   
   239   17.25451824583744   58.44068622401785   
   240   17.28346124314382   58.444449585128645   
   241   17.31699412185199   58.45057072922254   
   242   17.318332065498172   58.539147384132484   
   243   17.33886829940155   58.54788358027146   
   244   17.362817319292766   58.54142989501672   
   245   17.397074406939744   58.46129359803773   
   246   17.397851933352825   58.553945036331385   
   247   17.40498911466117   58.543503897903506   
   248   17.431436832429426   58.45817720511491   
   249   17.447584210884063   58.448269785548575   
   250   17.428372794587137   58.548538402582864   
   251   17.567045065814792   58.45421025392364   
   252   17.589978589591695   58.55584433003835   
   253   17.60149651401881   58.449658096936574   
   254   17.629294939353723   58.54637654706757   
   255   17.620302534027868   58.53881838634315   
   256   17.645685365811538   58.4434162411208   
   257   17.641207782983493   58.451380373829   
   258   17.66749555586712   58.53907003754949   
   259   17.693038693083352   58.46188136746347   
   260   17.713416801029016   58.458834437801826   
   261   17.727440927438828   58.4654576504903   
   262   17.736067029906128   58.44528560494492   
   263   17.768228170492268   58.571711254132616   
   264   17.804818077940908   58.45810128085915   
   265   17.814230866475143   58.53782516351015   
   266   17.814021479392434   58.4651300910722   
   267   17.871036268399582   58.53229263170517   
   268   17.856879839149453   58.53185241088319   
   269   17.872820712793484   58.46743113649836   
   270   17.90746648864819   58.543807079314256   
   271   17.921762683187453   58.46575760234554   
   272   17.937642412553185   58.46697209669117   
   273   17.955564794302802   58.55604348772823   
   274   17.986401386913467   58.46342509898885   
   275   18.00410826799236   58.54802885692084   
   276   18.00992274828368   58.43742576597642   
   277   18.04646541984505   58.534062812497474   
   278   18.038568826977915   58.46536589474548   
   279   18.051111287628686   58.53613803687463   
   280   18.080734904791434   58.53266460597876   
   281   18.126891791629262   58.45170106487308   
   282   18.13158803692519   58.54546079574877   
   283   18.156960880587665   58.47039733280708   
   284   18.181784340767226   58.54001779561875   
   285   18.151403789992674   58.54141965253534   
   286   18.202345741274456   58.458609688543405   
   287   18.2369003792494   58.54503912154674   
   288   18.23458180680112   58.531534319730035   
   289   18.235010012399766   58.464797044381704   
   290   18.25631166608208   58.55346959933019   
   291   18.33246260780769   58.46894007068811   
   292   18.336845589100133   58.459747717176995   
   293   18.335497323394424   58.542809250702014   
   294   18.36222461418513   58.46427039955252   
   295   18.360911688976245   58.538793552893885   
   296   18.404796173346302   58.5381555905846   
   297   18.425215491520287   58.461627792797906   
   298   18.424144796382954   58.54415644793083   
   299   18.449730642883587   58.46693028790419   
   300   18.566091642527393   58.5534923596397   
   301   18.555505236503144   58.45091786725704   
   302   18.570137940761654   58.46197400938025   
   303   18.56917200223385   58.57688967214178   
   304   18.59310237109368   58.45157797113567   
   305   18.65166932710571   58.44724150627069   
   306   18.62295363158945   58.45805145108666   
   307   18.681008286264245   58.53676753017028   
   308   18.679262964362092   58.45832639410701   
   309   18.691359841179644   58.46104296208897   
   310   18.71364024499314   58.55323274938451   
   311   18.749140649371817   58.440892454610896   
   312   18.750691396603994   58.53990423223596   
   313   18.76327620285007   58.53595326992871   
   314   18.80975997159301   58.452767495508674   
   315   18.803165327111724   58.461506343494726   
   316   18.862308692716507   58.54822414482123   
   317   18.832546941640967   58.4494940549022   
   318   18.886801485806185   58.452316491835255   
   319   18.897995757123315   58.46041147065675   
   320   18.923721841647986   58.543597072271844   
   321   18.934830613983003   58.57363739182778   
   322   18.933230844494357   58.53028329359113   
   323   18.964494107493046   58.463394757624   
   324   18.975085124158163   58.46155335980966   
   325   18.9956591121828   58.45534539635526   
   326   19.00644038612199   58.457136553770425   
   327   19.027885207881027   58.46317494209267   
   328   19.047002526522892   58.53762125541878   
   329   19.0583924388653   58.538015154411305   
   330   19.10380671373941   58.46283488743165   
   331   19.11538834021702   58.452789447822944   
   332   19.13243776504218   58.53600589980076   
   333   19.138050599705306   58.45567449091813   
   334   19.138085319826914   58.443030810528185   
   335   19.201066597913584   58.54022452149802   
   336   19.191935783073898   58.537874410013885   
   337   19.221531556345123   58.533702270327076   
   338   19.21557109080546   58.56614233575255   
   339   19.246091267294076   58.53553882872429   
   340   19.256526715708123   58.52947055220635   
   341   19.290163943126405   58.54281913291275   
   342   19.30720942995089   58.45060008645959   
   343   19.337930063622427   58.45203564927133   
   344   19.34961334576267   58.467332245854244   
   345   19.36167847484905   58.55049352669555   
   346   19.39026947561246   58.554279554374084   
   347   19.402667394027304   58.45690924854509   
   348   19.407531973906334   58.45848185916537   
   349   19.419487424417305   58.53620990412816   
   350   19.462183681089694   58.5540369547468   
   351   19.564255722662907   58.54683296119495   
   352   19.58148196949699   58.55321464648396   
   353   19.598490766799173   58.4675252959108   
   354   19.61788390248256   58.45155286635588   
   355   19.620050526623693   58.54077598385686   
   356   19.624858570705744   58.44076879560255   
   357   19.65905190226986   58.54357739287474   
   358   19.664283753632944   58.454021767925425   
   359   19.691999739966594   58.46262350290801   
   360   19.73022863207757   58.544699814302696   
   361   19.742614714007967   58.53947251688385   
   362   19.766369895674945   58.46214273035718   
   363   19.756234116175435   58.47219811483143   
   364   19.77448051034529   58.4407817500979   
   365   19.81154106716421   58.45840547051193   
   366   19.815729534539038   58.55456628319543   
   367   19.858010120748467   58.45839675817317   
   368   19.868888518910516   58.46628445952513   
   369   19.85733730470532   58.447667178032056   
   370   19.899828836039788   58.55419008019827   
   371   19.929161940026695   58.461880558189804   
   372   19.9520597094949   58.53050917819736   
   373   19.976933270579302   58.54609718713362   
   374   19.974458029329227   58.54553367502594   
